chr1	6186817	6192929	2	2	1	13	13	19
chr1	6193055	6197651	2	2	1	28	10	19
chr1	6197757	6199561	2	2	1	19	0	15
chr1	20652529	20652620	2	2	1	54	1	19
chr1	20652728	20652850	2	2	1	42	0	18
chr1	20652972	20653626	2	2	1	68	0	19
chr1	20653775	20654222	2	2	1	41	0	16
chr1	20654372	20654613	2	2	1	66	0	19
chr1	20654708	20655439	2	2	1	62	0	19
chr1	20655535	20655675	2	2	1	48	0	19
chr1	20655780	20656100	2	2	1	44	0	18
chr1	20656188	20660880	2	2	1	35	0	19
chr1	20660992	20661196	2	2	1	28	0	19
chr1	23692760	23693806	1	1	1	1	0	18
chr1	23694792	23695797	1	1	1	9	0	14
chr1	23695909	23696343	1	1	1	9	0	16
chr1	24643348	24645983	1	1	1	10	0	19
chr1	24646074	24646666	1	1	1	21	0	17
chr1	24646790	24648858	1	1	1	25	2	19
chr1	25901088	25901490	2	2	1	260	0	19
chr1	25901683	25903640	2	2	1	234	0	18
chr1	25903814	25904663	2	2	1	249	0	18
chr1	25904739	25905851	2	2	1	0	2	4
chr1	25904739	25906388	2	2	1	110	2	19
chr1	26472628	26473482	1	1	1	74	21	19
chr1	26473528	26473702	1	1	1	82	19	19
chr1	26473733	26474084	1	1	1	50	70	19
chr1	26474136	26474571	1	1	1	96	68	18
chr1	26474668	26475112	1	1	1	86	13	19
chr1	26921930	26924088	1	1	1	54	2	18
chr1	26924167	26941456	1	1	1	91	0	18
chr1	26941661	26941752	1	1	1	58	2	18
chr1	26941819	26942659	1	1	1	66	4	19
chr1	26942777	26942870	1	1	1	34	1	19
chr1	26943066	26945389	1	1	1	27	0	18
chr1	26945474	26945567	1	1	1	44	0	18
chr1	26945687	26946129	1	1	1	27	0	18
chr1	27666476	27668225	2	2	1	59	1	19
chr1	27668376	27668457	2	2	1	31	0	19
chr1	27668536	27669244	2	2	1	50	0	18
chr1	27669347	27672122	2	2	1	43	0	18
chr1	27843331	27847027	1	1	1	1	0	4
chr1	28201371	28203746	2	2	1	43	4	17
chr1	28203823	28205257	2	2	1	65	1	19
chr1	28205350	28208341	2	2	1	70	19	18
chr1	28208414	28209971	2	2	1	68	1	19
chr1	28210067	28210570	2	2	1	45	0	18
chr1	28210638	28214939	2	2	1	27	6	18
chr1	28214997	28228921	2	2	1	39	0	17
chr1	28229024	28232920	2	2	1	53	5	18
chr1	28236271	28236360	1	1	1	29	0	15
chr1	28236453	28237836	1	1	1	38	4	18
chr1	28236453	28246588	1	1	1	0	4	5
chr1	32335098	32335946	2	2	1	18	0	18
chr1	37513539	37514656	2	2	1	1	0	4
chr1	39026399	39028722	1	1	1	10	0	18
chr1	39026403	39028722	1	1	1	26	0	18
chr1	39028941	39034391	1	1	1	50	0	18
chr1	43164494	43164642	2	2	1	36	0	18
chr1	43164806	43166825	2	2	1	58	0	17
chr1	43166920	43167159	2	2	1	52	0	19
chr1	43167236	43168938	2	2	1	57	0	19
chr1	43169029	43170755	2	2	1	45	0	18
chr1	43170880	43171478	2	2	1	43	0	19
chr1	43171652	43171885	2	2	1	50	0	19
chr1	43171970	43172052	2	2	1	56	0	19
chr1	45688276	45690973	1	1	1	18	0	18
chr1	45691111	45693203	1	1	1	35	0	18
chr1	46055972	46061928	2	2	1	3	0	19
chr1	46062072	46066053	2	2	1	7	0	19
chr1	46066180	46066910	2	2	1	9	0	17
chr1	46067092	46077514	2	2	1	5	0	19
chr1	46077614	46080641	2	2	1	7	0	17
chr1	46080751	46131846	2	2	1	1	0	16
chr1	50441524	50475463	2	2	1	55	0	17
chr1	50475680	50490587	2	2	1	58	0	18
chr1	50490666	50491720	2	2	1	52	0	19
chr1	50491802	50535368	2	2	1	54	0	19
chr1	50535458	50539591	2	2	1	49	0	19
chr1	51406109	51408134	2	2	1	1	0	12
chr1	52896598	52897436	2	2	1	53	0	19
chr1	52897485	52899173	2	2	1	58	0	19
chr1	52899225	52904645	2	2	1	35	0	19
chr1	52904834	52905033	2	2	1	54	0	18
chr1	52905091	52906518	2	2	1	39	0	17
chr1	52906612	52907867	2	2	1	46	0	18
chr1	52907955	52911565	2	2	1	49	0	17
chr1	52911654	52911722	2	2	1	37	0	19
chr1	52911791	52912753	2	2	1	0	1	5
chr1	52911791	52921552	2	2	1	12	1	18
chr1	70221840	70228421	1	1	1	21	0	18
chr1	70228556	70232267	1	1	1	53	0	19
chr1	70232378	70234695	1	1	1	39	0	18
chr1	70234789	70235500	1	1	1	55	0	18
chr1	70235551	70237424	1	1	1	45	0	18
chr1	70237553	70239438	1	1	1	38	0	19
chr1	70239521	70244683	1	1	1	16	0	18
chr1	74706458	74706898	2	2	1	1	0	6
chr1	74706995	74707102	2	2	1	1	0	13
chr1	86704972	86715723	1	1	1	20	0	19
chr1	92030311	92032504	1	1	1	32	0	17
chr1	92032591	92042822	1	1	1	40	0	18
chr1	92042981	92045531	1	1	1	41	0	18
chr1	92045661	92050316	1	1	1	46	2	19
chr1	92050421	92052509	1	1	1	45	0	18
chr1	92052659	92063054	1	1	1	34	0	19
chr1	94898084	94899370	2	2	1	4	0	19
chr1	94899518	94901668	2	2	1	45	0	19
chr1	94901786	94902120	2	2	1	63	0	18
chr1	94902259	94903121	2	2	1	48	0	18
chr1	94903189	94903402	2	2	1	39	0	19
chr1	94903525	94926837	2	2	1	46	1	18
chr1	111227770	111229851	1	1	1	20	0	16
chr1	111229882	111230741	1	1	1	42	0	18
chr1	111230944	111231237	1	1	1	61	0	19
chr1	111231295	111234906	1	1	1	57	0	19
chr1	111235058	111235638	1	1	1	68	0	19
chr1	111235764	111236023	1	1	1	37	0	18
chr1	111236154	111238749	1	1	1	60	0	18
chr1	111238933	111241326	1	1	1	52	0	19
chr1	111241444	111242226	1	1	1	37	0	17
chr1	111242367	111243216	1	1	1	34	0	19
chr1	149923730	149923840	2	2	1	15	0	19
chr1	149924015	149925835	2	2	1	12	0	19
chr1	149926043	149926375	2	2	1	12	0	19
chr1	151399728	151399980	1	1	1	116	0	19
chr1	151400188	151400441	1	1	1	99	0	18
chr1	151400589	151400763	1	1	1	118	0	18
chr1	151400846	151401238	1	1	1	95	0	19
chr1	151401356	151401541	1	1	1	67	0	16
chr1	151401631	151401816	1	1	1	79	0	19
chr1	151983325	151986098	2	2	1	30	0	18
chr1	151986252	151993751	2	2	1	16	0	19
chr1	152032824	152033647	2	2	1	6	0	19
chr1	152033801	152036912	2	2	1	5	0	16
chr1	153390244	153390394	2	2	1	91	0	18
chr1	153390558	153391040	2	2	1	60	0	17
chr1	153534831	153535201	2	2	1	64	0	19
chr1	153535361	153535948	2	2	1	52	0	18
chr1	153662557	153662704	2	2	1	1	0	16
chr1	153740735	153741284	1	1	1	31	0	18
chr1	153741369	153746956	1	1	1	38	0	19
chr1	153747071	153747278	1	1	1	45	0	19
chr1	153747364	153748688	1	1	1	39	0	18
chr1	153748756	153751094	1	1	1	43	0	19
chr1	153751240	153752278	1	1	1	51	0	19
chr1	153752409	153754641	1	1	1	56	1	18
chr1	153753819	153754641	1	1	1	0	1	3
chr1	153754740	153757571	1	1	1	44	0	19
chr1	153757764	153759525	1	1	1	19	0	19
chr1	153759614	153760310	1	1	1	59	0	18
chr1	153760391	153760826	1	1	1	47	0	19
chr1	153760919	153761569	1	1	1	57	0	18
chr1	153761677	153762727	1	1	1	33	0	19
chr1	153762848	153763232	1	1	1	19	0	19
chr1	153763363	153763831	1	1	1	34	0	19
chr1	153763887	153764117	1	1	1	21	0	19
chr1	153990803	153991114	1	1	1	8	2	17
chr1	153991224	153991565	1	1	1	12	0	15
chr1	153991677	153992064	1	1	1	15	1	19
chr1	155169561	155169790	2	2	1	94	2	18
chr1	155169858	155172564	2	2	1	60	3	19
chr1	155172629	155172737	2	2	1	67	0	19
chr1	155172893	155173220	2	2	1	55	0	19
chr1	155256420	155256673	2	2	1	53	0	18
chr1	155256792	155257284	2	2	1	54	0	19
chr1	155257387	155257497	2	2	1	69	0	19
chr1	155257658	155258825	2	2	1	61	0	19
chr1	155258955	155260329	2	2	1	45	0	19
chr1	155260451	155260536	2	2	1	53	0	18
chr1	155260660	155261656	2	2	1	40	0	19
chr1	155261735	155262085	2	2	1	22	0	18
chr1	155308966	155310063	1	1	1	46	0	19
chr1	155310206	155312254	1	1	1	36	1	18
chr1	155312396	155317940	1	1	1	24	1	15
chr1	155318022	155318168	1	1	1	33	0	19
chr1	155318292	155318664	1	1	1	48	0	18
chr1	155318754	155318855	1	1	1	37	0	19
chr1	155318929	155319610	1	1	1	66	0	19
chr1	155319689	155319793	1	1	1	44	0	16
chr1	155319929	155320408	1	1	1	42	0	19
chr1	156054958	156055262	1	1	1	34	0	16
chr1	156055426	156057977	1	1	1	40	0	18
chr1	156058068	156058314	1	1	1	32	0	18
chr1	156591987	156592100	1	1	1	38	0	18
chr1	156592210	156592364	1	1	1	21	0	18
chr1	156592476	156592556	1	1	1	24	0	18
chr1	156592671	156593407	1	1	1	17	0	6
chr1	159781001	159781098	1	1	1	18	0	18
chr1	159781368	159782152	1	1	1	24	0	19
chr1	159961406	159976643	1	1	1	36	0	18
chr1	184051891	184054353	1	1	1	18	0	19
chr1	184054436	184054727	1	1	1	13	0	19
chr1	184054864	184072826	1	1	1	20	0	18
chr1	193082300	193082561	1	1	1	24	0	17
chr1	193082709	193084578	1	1	1	48	0	18
chr1	197921660	197927590	1	1	1	25	0	19
chr1	197927794	197931918	1	1	1	18	0	19
chr1	226062812	226064328	1	1	1	6	11	18
chr1	226064480	226065655	1	1	1	11	36	16
chr1	226065810	226071350	1	1	1	6	21	18
chr1	228097263	228097341	1	1	1	38	0	16
chr1	228097453	228097590	1	1	1	42	0	18
chr1	228097716	228097851	1	1	1	40	0	18
chr1	228101474	228101734	2	2	1	0	1	4
chr1	228101474	228102079	2	2	1	32	1	18
chr1	228102166	228102309	2	2	1	24	0	19
chr1	228102383	228102477	2	2	1	31	0	18
chr1	228102561	228102642	2	2	1	39	0	18
chr1	228102689	228102898	2	2	1	36	0	18
chr1	228103050	228103133	2	2	1	24	0	19
chr1	235161068	235161173	2	2	1	1	0	11
chr1	244854504	244854972	2	2	1	25	0	19
chr1	244855045	244855423	2	2	1	28	0	18
chr1	244855609	244855903	2	4	1	32	0	17
chr1	244856159	244856456	2	4	1	38	0	18
chr1	244856626	244856727	2	2	1	27	0	17
chr1	244856857	244857597	2	2	1	52	0	18
chr1	244857718	244858010	2	2	1	20	0	19
chr1	244858275	244858728	2	2	1	33	0	19
chr1	244858842	244859274	2	2	1	44	0	19
chr1	244859375	244860334	2	2	1	33	2	18
chr1	244859375	244860357	2	4	1	0	2	3
chr1	244860475	244862460	2	2	1	25	0	19
chr1	244862535	244862618	2	2	1	27	0	15
chr1	244862731	244863616	2	2	1	7	0	18
chr2	265008	269300	1	1	1	4	1	6
chr2	265008	271865	1	1	1	40	1	17
chr2	265073	271865	1	1	0	13	0	18
chr2	271940	272036	1	1	1	55	3	18
chr2	271940	272191	1	1	1	0	2	3
chr2	272066	272191	1	1	1	36	0	16
chr2	272151	275139	1	1	1	16	4	15
chr2	272306	275139	1	1	1	23	4	18
chr2	275202	276979	1	1	1	81	2	17
chr2	277086	277226	1	1	1	40	0	18
chr2	3499083	3500813	2	2	1	75	0	19
chr2	3500994	3513856	2	2	1	83	0	19
chr2	3513977	3519367	2	2	1	50	0	18
chr2	3575351	3575591	1	1	1	91	15	17
chr2	3575685	3575816	1	1	1	34	19	18
chr2	3575889	3576486	1	1	1	94	15	19
chr2	3576631	3577709	1	1	1	54	70	19
chr2	3577775	3580109	1	1	1	63	45	18
chr2	3580261	3580804	1	1	1	54	32	19
chr2	9474648	9475986	1	1	1	28	0	19
chr2	9476040	9478221	1	1	1	24	0	19
chr2	9478371	9481285	1	1	1	35	0	18
chr2	9481448	9484431	1	1	1	42	0	18
chr2	9484551	9488146	1	1	1	60	0	18
chr2	9585346	9587413	2	2	1	55	3	19
chr2	9587510	9588164	2	2	1	39	1	18
chr2	9588329	9591391	2	2	1	34	0	19
chr2	9591516	9630158	2	2	1	58	2	19
chr2	9630535	9630940	2	2	1	11	0	14
chr2	10122898	10122982	1	1	1	21	0	19
chr2	10123058	10123386	1	1	1	26	1	19
chr2	10123531	10123735	1	1	1	49	0	19
chr2	10123853	10124716	1	1	1	35	0	17
chr2	10124851	10126874	1	1	1	53	1	19
chr2	10126970	10127086	1	1	1	48	2	17
chr2	10127221	10128847	1	1	1	61	0	19
chr2	10128953	10129040	1	1	1	54	0	19
chr2	10129155	10129233	1	1	1	49	0	19
chr2	10784327	10784933	2	2	1	95	0	19
chr2	10785031	10787280	2	2	1	100	0	19
chr2	10787440	10788696	2	2	1	111	0	19
chr2	10788770	10788896	2	2	1	114	0	19
chr2	10788982	10789748	2	2	1	96	0	18
chr2	10789890	10790718	2	2	1	47	0	17
chr2	10790834	10791794	2	2	1	50	0	19
chr2	10791926	10793095	2	2	1	73	0	19
chr2	10793203	10797080	2	2	1	55	0	18
chr2	10797208	10797699	2	2	1	49	0	19
chr2	10797758	10802498	2	2	1	54	0	19
chr2	10802641	10812677	2	2	1	18	0	18
chr2	20033280	20034316	2	2	1	86	0	18
chr2	20034416	20034966	2	2	1	101	0	18
chr2	20035063	20037315	2	2	1	83	0	18
chr2	20037439	20037537	2	2	1	120	0	19
chr2	20037615	20040890	2	2	1	85	0	18
chr2	20041012	20051409	2	2	1	75	0	19
chr2	27070722	27071325	2	2	1	46	0	17
chr2	27071464	27071600	2	2	1	47	0	18
chr2	27771800	27772673	1	1	1	32	0	17
chr2	27772693	27774423	1	1	1	25	0	18
chr2	27774531	27779432	1	1	1	25	0	19
chr2	38745188	38746143	2	2	1	32	0	18
chr2	38746180	38746693	2	2	1	34	0	19
chr2	38746748	38748046	2	2	1	52	0	19
chr2	38748158	38748578	2	2	1	41	0	19
chr2	38748654	38749528	2	2	1	48	0	19
chr2	38749706	38750013	2	2	1	44	0	18
chr2	38750195	38751228	2	2	1	33	0	17
chr2	47160805	47161722	2	2	1	83	1	19
chr2	47161859	47162285	2	2	1	100	0	18
chr2	47162393	47162518	2	2	1	85	4	18
chr2	47162663	47170733	2	2	1	52	0	19
chr2	47170765	47176440	2	2	1	51	0	19
chr2	47369582	47373462	1	1	1	24	0	19
chr2	47373571	47373807	1	1	1	35	0	18
chr2	47374049	47375233	1	1	1	66	0	17
chr2	47375300	47377013	1	1	1	48	0	19
chr2	47377078	47378952	1	1	1	73	0	19
chr2	47379055	47379768	1	1	1	49	0	17
chr2	47379970	47385165	1	1	1	13	0	15
chr2	47385211	47386571	1	1	1	43	0	17
chr2	61868707	61869439	2	2	1	110	1	18
chr2	61869554	61872081	2	2	1	61	0	18
chr2	61872317	61872457	2	2	1	111	0	19
chr2	61872589	61873001	2	2	1	63	0	19
chr2	61873113	61873196	2	2	1	77	0	19
chr2	61873294	61876094	2	2	1	111	0	18
chr2	61876235	61876919	2	2	1	67	0	19
chr2	61877053	61877392	2	2	1	79	0	19
chr2	61877515	61878868	2	2	1	51	0	18
chr2	61879012	61880285	2	2	1	94	0	18
chr2	61880395	61883458	2	2	1	95	6	19
chr2	61880395	61885019	2	2	1	0	6	4
chr2	61883549	61885019	2	2	1	98	0	19
chr2	61885073	61888380	2	2	1	56	0	19
chr2	65088691	65088938	2	2	1	1	0	14
chr2	73927053	73946718	1	1	1	30	0	19
chr2	73946907	73958145	1	1	1	48	3	18
chr2	73950733	73958145	1	1	1	0	3	3
chr2	73958246	73958709	1	1	1	55	0	18
chr2	74472253	74472357	2	2	1	35	0	19
chr2	74472471	74472568	2	2	1	21	0	16
chr2	84905719	84906002	1	1	1	274	0	19
chr2	84906118	84906388	1	1	1	192	0	19
chr2	85394959	85395537	2	2	1	27	0	19
chr2	85395627	85398019	2	2	1	25	0	17
chr2	85398153	85398689	2	2	1	48	0	19
chr2	85398783	85399135	2	2	1	42	0	17
chr2	85399286	85401164	2	2	1	62	0	18
chr2	85401330	85401528	2	2	1	37	0	17
chr2	85401589	85401650	2	2	1	2	0	4
chr2	85401684	85401784	2	2	1	28	0	19
chr2	85401958	85402122	2	2	1	40	0	19
chr2	85402159	85410316	2	2	1	1	0	18
chr2	85402159	85413983	2	4	1	14	0	19
chr2	85595850	85596518	1	1	1	36	0	18
chr2	85596650	85596821	1	1	1	50	0	18
chr2	85596932	85597103	1	1	1	30	0	19
chr2	85597179	85597444	1	1	1	23	0	19
chr2	89788041	89822687	1	1	0	0	1	18
chr2	89814218	89822687	1	1	0	1	0	13
chr2	89830130	89831199	1	1	0	0	1	19
chr2	89830130	89833563	1	1	0	0	1	14
chr2	97646190	97647066	1	1	1	63	0	19
chr2	97647141	97647343	1	1	1	62	0	19
chr2	97647444	97647995	1	1	1	89	0	19
chr2	113438023	113441350	1	1	1	0	14	19
chr2	113441438	113443766	1	1	1	0	3	6
chr2	113443864	113444963	1	1	1	0	20	18
chr2	117814863	117817443	1	1	1	14	0	17
chr2	117817729	117819648	1	1	1	4	0	18
chr2	119367061	119368187	1	1	1	33	0	17
chr2	119368306	119370739	1	1	1	43	0	19
chr2	119370803	119372244	1	1	1	31	0	19
chr2	161318874	161367477	1	1	1	1	0	15
chr2	162267380	162267478	2	2	1	24	0	19
chr2	162267570	162268086	2	2	1	34	0	18
chr2	162268278	162272225	2	2	1	43	0	19
chr2	162272388	162273794	2	2	1	52	0	18
chr2	162273945	162276686	2	2	1	40	0	19
chr2	162276947	162277414	2	2	1	29	0	18
chr2	162277694	162278204	2	2	1	22	0	17
chr2	162278329	162279995	2	2	1	39	0	18
chr2	162280113	162281327	2	2	1	45	0	19
chr2	162281546	162282365	2	2	1	28	0	19
chr2	162282577	162288134	2	2	1	51	0	18
chr2	162288356	162293563	2	2	1	49	1	18
chr2	162293669	162306708	2	2	1	37	1	19
chr2	162293669	162310764	2	2	1	0	1	3
chr2	162306856	162310764	2	2	1	50	0	18
chr2	162310934	162317854	2	2	1	29	0	18
chr2	165748904	165749741	2	2	1	67	0	19
chr2	165749895	165754626	2	2	1	52	0	18
chr2	165754729	165754931	2	2	1	59	0	18
chr2	165755064	165757046	2	2	1	29	0	18
chr2	165757248	165758746	2	2	1	20	0	18
chr2	175178403	175179056	2	2	1	88	0	18
chr2	175179251	175180097	2	2	1	65	0	19
chr2	175180179	175181354	2	2	1	75	0	19
chr2	175181467	175181655	2	2	1	19	0	17
chr2	197500440	197501073	1	1	1	36	0	19
chr2	197501239	197503038	1	1	1	31	5	17
chr2	197503129	197503208	1	1	1	40	6	19
chr2	208317942	208320251	1	1	1	25	0	19
chr2	208320360	208324141	1	1	1	31	0	18
chr2	208324283	208324910	1	1	1	21	0	19
chr2	215361627	215361968	2	2	1	70	0	19
chr2	215362080	215364878	2	2	1	48	0	19
chr2	215364986	215365504	2	2	1	43	0	19
chr2	215365631	215367862	2	2	1	78	0	19
chr2	215368028	215370293	2	2	1	44	0	19
chr2	215370433	215371908	2	2	1	53	0	18
chr2	215372301	215373321	2	2	1	7	0	4
chr2	215372376	215373321	2	2	1	38	0	18
chr2	215373412	215375213	2	2	1	41	0	16
chr2	215375394	215375628	2	2	1	38	0	18
chr2	215375719	215376497	2	2	1	42	1	18
chr2	215376675	215378174	2	2	1	45	0	19
chr2	215378263	215379129	2	2	1	51	0	19
chr2	215379318	215382211	2	2	1	33	0	18
chr2	215382326	215383327	2	2	1	19	0	14
chr2	216109458	216113015	1	1	1	13	0	18
chr2	216113130	216116658	1	1	1	14	0	18
chr2	216116843	216117745	1	1	1	23	0	19
chr2	216117795	216119042	1	1	1	14	0	18
chr2	216119166	216122061	1	1	1	22	0	17
chr2	216122254	216125916	1	1	1	21	0	19
chr2	216126032	216127535	1	1	1	14	0	12
chr2	216127675	216130874	1	1	1	18	0	14
chr2	216130988	216132324	1	1	1	13	0	16
chr2	216132388	216137087	1	1	1	21	0	18
chr2	216138180	216141185	1	1	1	31	0	18
chr2	216141320	216148082	1	1	1	26	0	16
chr2	216148277	216160067	1	1	1	26	0	18
chr2	216160162	216161978	1	1	1	20	0	17
chr2	216162049	216190224	1	1	1	15	0	19
chr2	216190335	216192638	1	1	1	20	0	18
chr2	216192736	216194918	1	1	1	29	0	18
chr2	216194987	216204321	1	1	1	15	0	18
chr2	216204397	216205187	1	1	1	31	0	18
chr2	216660787	216661857	1	1	1	12	0	16
chr2	216661999	216663939	1	1	1	27	0	18
chr2	218225955	218228737	1	1	1	1	0	17
chr2	219213327	219213438	2	2	1	1	0	18
chr2	231708752	231711347	1	1	1	136	26	19
chr2	231710302	231711347	1	3	1	0	8	5
chr2	231711420	231711889	1	1	1	78	54	19
chr2	231711984	231712442	1	1	1	122	40	19
chr2	231712517	231712803	1	1	1	79	31	18
chr2	238170677	238170942	2	2	1	29	0	18
chr2	238171025	238173533	2	2	1	43	0	18
chr2	238173654	238182064	2	2	1	54	0	19
chr2	238182187	238183652	2	2	1	52	0	17
chr2	238183741	238184019	2	2	1	44	0	19
chr2	238184114	238185180	2	2	1	74	0	18
chr2	238185288	238188130	2	2	1	60	0	19
chr2	238188258	238189852	2	2	1	36	0	19
chr2	238189973	238194274	2	2	1	37	0	18
chr2	238194332	238194804	2	2	1	33	0	18
chr2	238194871	238203498	2	2	1	12	0	18
chr2	241150548	241153475	1	1	1	30	0	19
chr2	241153605	241157806	1	1	1	40	0	19
chr2	241157863	241158483	1	1	1	49	0	19
chr2	241158550	241159212	1	1	1	44	0	18
chr2	241159344	241160331	1	1	1	51	0	17
chr2	241160495	241163284	1	1	1	48	0	18
chr2	241163402	241166336	1	1	1	36	0	18
chr2	241166442	241167044	1	1	1	57	0	19
chr2	241654648	241655270	1	1	1	1	0	8
chr2	241676238	241678451	2	2	1	36	0	18
chr3	10115820	10125625	1	1	1	34	0	17
chr3	10125709	10126268	1	1	1	61	0	19
chr3	12836224	12839348	2	2	1	23	19	18
chr3	12839531	12840141	2	2	1	35	2	19
chr3	12840243	12841493	2	2	1	29	0	17
chr3	33114549	33120343	1	3	1	42	1	18
chr3	48440313	48440402	1	1	1	8	11	18
chr3	48440459	48440540	1	1	1	7	8	19
chr3	48440459	48440544	1	1	0	7	0	19
chr3	48440629	48443847	1	1	1	25	3	19
chr3	48599193	48599634	2	2	1	48	0	17
chr3	48599711	48600062	2	2	1	45	0	19
chr3	48600152	48600481	2	2	1	60	0	19
chr3	48600568	48600679	2	2	1	49	0	18
chr3	48600841	48600974	2	2	1	56	0	19
chr3	48601119	48601351	2	2	1	53	0	19
chr3	48601468	48603563	2	2	1	51	0	19
chr3	48603644	48604232	2	2	1	36	0	19
chr3	48604432	48604650	2	2	1	47	0	18
chr3	48604781	48605769	2	2	1	33	0	17
chr3	48605857	48609161	2	2	1	35	0	19
chr3	48609303	48609551	2	2	1	34	0	19
chr3	49022222	49022345	1	1	1	37	0	17
chr3	49022539	49022701	1	1	1	45	0	19
chr3	49022769	49022877	1	1	0	15	0	17
chr3	49022977	49023055	1	1	1	39	0	19
chr3	49024405	49024494	2	2	1	18	0	19
chr3	49024579	49024658	2	2	1	33	0	18
chr3	49024803	49024895	2	2	1	18	0	18
chr3	49025041	49025125	2	2	1	25	0	19
chr3	49357748	49358026	2	2	1	61	1	19
chr3	51995107	51995424	2	2	1	0	2	14
chr3	58566696	58567207	2	2	1	33	0	19
chr3	58567365	58569690	2	2	1	41	0	19
chr3	58569866	58589205	2	2	1	30	0	18
chr3	58589270	58626970	2	2	1	34	0	18
chr3	64010765	64010877	2	2	1	22	0	19
chr3	68977765	68978332	2	2	1	2	0	16
chr3	68978436	68979667	2	2	1	3	0	11
chr3	68979788	68982810	2	2	1	4	0	14
chr3	68982873	68987444	2	2	1	6	0	13
chr3	68987514	68988294	2	2	1	2	0	18
chr3	68988382	68988505	2	2	1	4	0	19
chr3	68988578	68988924	2	2	1	2	0	8
chr3	68989018	68998010	2	2	1	4	0	17
chr3	68998115	69001607	2	2	1	5	0	18
chr3	69001715	69004377	2	2	1	8	0	14
chr3	69004483	69005139	2	2	1	3	0	18
chr3	69005235	69007712	2	2	1	7	0	19
chr3	69007822	69008427	2	2	1	6	0	17
chr3	69008529	69009636	2	2	1	7	0	17
chr3	69009861	69011935	2	2	1	2	0	18
chr3	69011992	69012514	2	2	1	4	0	15
chr3	69012800	69013573	2	2	1	1	0	10
chr3	101681216	101682428	2	2	1	100	24	19
chr3	101682493	101682770	2	2	1	68	10	19
chr3	101682908	101685817	2	2	1	118	5	19
chr3	101685929	101686481	2	2	1	40	13	19
chr3	101686558	101686671	2	2	1	54	12	19
chr3	119498928	119500694	1	1	1	15	0	17
chr3	119500861	119503531	1	1	1	36	0	19
chr3	119503621	119503953	1	1	1	75	0	18
chr3	119504022	119513640	1	1	1	41	0	18
chr3	119513720	119517204	1	1	1	62	0	18
chr3	119517316	119523605	1	1	1	40	0	19
chr3	119669666	119675144	2	2	1	23	10	19
chr3	119675234	119676730	2	2	1	0	2	3
chr3	119675234	119677203	2	2	1	33	4	16
chr3	120396974	120403241	2	2	1	0	2	4
chr3	120396997	120399882	2	2	1	14	0	15
chr3	120399960	120402807	2	2	1	24	0	17
chr3	120402919	120403241	2	2	1	35	2	19
chr3	120403355	120404852	2	2	1	37	1	19
chr3	120404972	120409531	2	2	1	43	0	18
chr3	120409663	120410951	2	2	1	30	1	18
chr3	120410985	120411853	2	2	1	30	0	18
chr3	120411984	120415922	2	2	1	28	7	18
chr3	120411984	120450683	2	2	1	0	7	3
chr3	120416028	120450683	2	2	1	11	1	18
chr3	120441405	120450683	2	2	1	0	1	6
chr3	120450747	120450896	2	2	1	25	0	18
chr3	120596540	120601110	1	1	1	35	0	18
chr3	120601258	120602207	1	1	1	23	1	17
chr3	128620594	128622163	2	2	1	45	0	19
chr3	128622410	128625533	2	2	1	52	0	19
chr3	128625654	128625873	2	2	1	49	0	19
chr3	128626013	128626732	2	2	1	45	0	18
chr3	128626833	128629950	2	2	1	59	0	19
chr3	128630144	128631947	2	2	1	37	0	18
chr3	128632158	128637798	2	2	1	34	1	18
chr3	128638106	128644918	2	2	1	27	0	19
chr3	128644984	128650539	2	2	1	47	0	19
chr3	136250469	136261963	1	3	1	1	0	3
chr3	136250559	136255855	1	1	1	31	1	19
chr3	136255534	136255855	1	1	1	1	0	3
chr3	136255976	136256554	1	1	1	32	2	19
chr3	136256624	136260478	1	1	1	36	7	19
chr3	136260356	136260478	1	3	1	0	7	3
chr3	136260536	136261951	1	1	1	49	0	18
chr3	136262066	136283836	1	1	1	34	0	18
chr3	136283948	136293755	1	1	1	63	0	19
chr3	136293865	136297951	1	1	1	43	3	19
chr3	136298073	136301029	1	1	1	42	1	19
chr3	136301112	136316940	1	1	1	56	0	19
chr3	136317065	136326802	1	1	1	37	3	18
chr3	136326386	136326802	1	1	1	0	3	3
chr3	136326911	136327154	1	1	1	57	0	19
chr3	136327256	136327633	1	1	1	47	0	17
chr3	136327733	136328757	1	1	1	40	0	18
chr3	136328858	136329904	1	1	1	39	0	18
chr3	141402450	141403926	1	1	1	20	0	16
chr3	141404032	141442388	1	1	1	58	0	19
chr3	141876911	141903619	1	1	1	35	2	18
chr3	141903749	141907166	1	1	1	40	0	17
chr3	141907275	141913651	1	1	1	50	2	18
chr3	141913837	141915969	1	1	1	49	1	17
chr3	141916021	141921976	1	1	1	61	0	19
chr3	141922064	141925530	1	1	1	46	0	18
chr3	143001674	143010814	1	1	1	8	0	18
chr3	143010860	143012221	1	1	1	18	0	17
chr3	146124230	146160788	2	2	1	0	2	3
chr3	146124230	146160880	2	2	1	21	2	19
chr3	146454164	146455238	2	2	1	0	4	15
chr3	146516102	146517005	2	2	1	43	0	18
chr3	146517168	146521543	2	2	1	54	0	19
chr3	146521706	146521832	2	2	1	35	4	19
chr3	146522054	146525604	2	2	1	33	0	19
chr3	146525648	146533469	2	2	1	57	2	19
chr3	146533551	146544466	2	2	1	25	0	19
chr3	149076048	149084681	2	2	1	1	0	8
chr3	149375589	149375679	2	2	1	2	0	11
chr3	152990100	153037974	1	1	0	1	0	13
chr3	154026643	154030276	2	2	1	53	0	19
chr3	154030377	154108668	2	2	1	1	0	3
chr3	154030380	154089328	2	2	0	30	0	18
chr3	158110224	158122102	1	1	1	46	1	18
chr3	158122299	158123865	1	1	1	57	0	19
chr3	158122299	158203071	1	1	1	0	5	5
chr3	158123992	158203071	1	1	1	47	5	17
chr3	158203246	158298038	1	1	1	76	1	18
chr3	158298076	158354856	1	1	1	39	0	19
chr3	158354909	158460934	1	1	1	31	0	18
chr3	158461004	158537091	1	1	1	65	0	18
chr3	158537199	158543334	1	1	1	47	0	19
chr3	158543488	158544182	1	1	1	28	2	18
chr3	158543512	158544182	1	1	1	0	2	3
chr3	161346356	161359801	2	4	1	15	0	17
chr3	161359895	161371434	2	2	1	16	0	18
chr3	164029783	164030259	2	2	0	20	0	17
chr3	179588996	179592643	2	2	1	26	0	18
chr3	179592740	179593764	2	2	1	34	0	19
chr3	179593896	179598674	2	2	1	21	0	18
chr3	180984711	180985925	2	2	1	58	1	19
chr3	180985997	180986942	2	2	1	14	10	19
chr3	180987023	180988022	2	2	1	35	14	18
chr3	180988097	180988177	2	2	1	38	0	18
chr3	180988230	180989599	2	2	1	20	1	19
chr3	184249891	184257472	1	1	1	40	0	19
chr3	184257757	184258287	1	1	1	34	0	19
chr3	184332087	184334726	1	1	1	30	0	18
chr3	186583977	186584429	1	1	1	25	0	18
chr3	186584590	186585343	1	1	1	26	0	18
chr3	197889715	197891445	2	2	1	67	0	17
chr3	197891548	197892627	2	2	1	75	0	19
chr3	197892760	197912674	2	2	1	40	0	19
chr3	197950222	197950935	1	1	1	37	0	18
chr3	197950979	197951158	1	1	1	38	0	18
chr3	197951312	197954002	1	1	1	51	0	18
chr3	197954148	197955749	1	1	1	56	0	19
chr4	3513037	3514751	2	2	1	40	0	18
chr4	3514929	3516115	2	2	1	42	0	18
chr4	3516199	3518033	2	2	1	66	0	19
chr4	3518193	3518870	2	2	1	36	0	19
chr4	3518992	3520071	2	2	1	33	0	19
chr4	3520194	3524906	2	2	1	39	0	19
chr4	3525052	3532208	2	2	1	25	0	19
chr4	24533055	24537050	2	2	1	1	0	18
chr4	26584293	26613168	1	1	1	1	0	16
chr4	37847296	37848521	1	1	1	1	0	18
chr4	38689880	38694745	1	1	1	32	0	19
chr4	38694907	38697081	1	1	1	54	7	19
chr4	39345477	39351347	2	2	1	1	0	8
chr4	39454226	39454532	2	2	1	14	4	19
chr4	39454650	39454863	2	2	1	16	24	18
chr4	39454930	39456405	2	2	1	0	3	3
chr4	39454945	39456405	2	2	1	1	18	18
chr4	39454945	39457596	2	2	1	0	5	5
chr4	39456539	39457585	2	2	1	13	48	19
chr4	39457682	39458193	2	2	1	7	6	18
chr4	41990761	42001615	1	1	1	25	0	18
chr4	42001781	42018110	1	1	1	39	0	17
chr4	42018171	42020415	1	1	1	50	0	19
chr4	42020516	42022837	1	1	1	37	0	18
chr4	42022931	42023301	1	1	1	16	0	19
chr4	42023385	42035274	1	1	1	26	0	15
chr4	48885566	48892771	2	2	1	41	0	19
chr4	48892890	48894005	2	2	1	44	0	19
chr4	48894054	48897803	2	2	1	57	0	19
chr4	48897858	48899828	2	2	1	41	0	17
chr4	48899926	48904483	2	2	1	39	0	18
chr4	48904612	48906657	2	2	1	56	0	17
chr4	49105018	49108825	2	2	0	0	2	19
chr4	49631543	49644745	1	1	0	0	4	17
chr4	49635040	49637920	1	1	0	0	1	14
chr4	49636997	49637711	1	1	0	1	2	15
chr4	49643165	49644745	1	1	0	0	5	17
chr4	49650138	49650836	1	1	0	0	5	19
chr4	49650138	49650936	1	1	0	0	5	19
chr4	51843268	51863436	1	1	1	8	0	18
chr4	51863508	51863669	1	1	1	37	0	18
chr4	51863710	51874270	1	1	1	37	1	19
chr4	51874386	51877762	1	1	1	56	0	18
chr4	51877855	51886567	1	1	1	34	1	18
chr4	51884960	51886567	1	1	1	0	1	3
chr4	51886639	51891759	1	1	1	24	0	18
chr4	51891852	51899269	1	1	1	42	0	18
chr4	51899379	51911069	1	1	1	28	0	18
chr4	51911175	51913289	1	1	1	29	0	17
chr4	51913393	51913528	1	1	1	33	0	18
chr4	70233027	70234019	1	1	1	1	0	9
chr4	82356896	82357312	2	2	1	1	0	15
chr4	82358821	82359470	2	2	1	1	0	7
chr4	82359640	82371527	2	2	1	1	0	5
chr4	87976950	87977058	1	1	1	1	0	17
chr4	87977098	87980045	1	1	1	1	0	6
chr4	99948524	99948810	2	2	1	135	5	19
chr4	99948524	99948813	2	2	1	3	2	4
chr4	99948941	99949272	2	2	1	108	2	19
chr4	99949387	99949662	2	2	1	56	1	19
chr4	99949741	99950167	2	2	1	38	0	18
chr4	108657648	108667246	1	1	1	1	0	8
chr4	121801491	121801826	1	1	1	29	0	15
chr4	121801922	121802673	1	1	1	19	0	19
chr4	121802794	121802914	1	1	1	14	0	19
chr4	121803018	121804621	1	1	1	36	0	18
chr4	121804760	121807539	1	1	1	34	0	18
chr4	121807623	121809966	1	1	1	22	0	17
chr4	121810100	121811582	1	1	1	11	0	18
chr4	145761599	145763401	2	2	1	1	0	13
chr4	173332239	173332820	2	2	1	57	0	19
chr4	173332996	173333068	2	2	1	34	0	19
chr4	173333215	173333499	2	2	1	62	0	19
chr4	173333670	173334271	2	4	1	29	0	19
chr4	182894606	182914922	2	2	1	1	0	9
chr5	1798948	1799791	2	2	1	5	0	19
chr5	6372602	6374323	2	2	1	22	0	18
chr5	6374427	6377165	2	2	1	21	0	18
chr5	6377250	6378361	2	2	1	16	0	19
chr5	17354011	17354133	1	1	1	0	1	7
chr5	32591686	32598960	1	1	1	32	0	18
chr5	32599070	32601004	1	1	1	17	2	17
chr5	34914027	34914694	2	2	1	43	0	19
chr5	34914962	34915415	2	2	1	23	0	19
chr5	34915898	34918363	1	1	1	31	0	19
chr5	34918476	34919839	1	1	1	82	0	17
chr5	34919884	34922216	1	1	1	55	0	19
chr5	34922288	34922538	1	1	1	66	0	19
chr5	34922589	34922694	1	1	1	58	0	19
chr5	34922769	34923000	1	1	1	47	0	19
chr5	34923052	34923132	1	1	1	84	0	17
chr5	34923235	34924846	1	1	1	58	0	19
chr5	34924976	34925225	1	1	1	68	0	19
chr5	40832574	40833960	2	2	1	0	1	4
chr5	40832574	40834180	2	2	1	31	3	18
chr5	40834266	40834470	2	2	1	34	1	19
chr5	40834607	40835182	2	2	1	20	3	15
chr5	49660941	49666316	2	2	0	0	1	18
chr5	49660941	49667241	2	2	0	0	1	18
chr5	49661743	49666403	2	2	0	0	2	13
chr5	49661743	49667328	2	2	0	0	2	13
chr5	86618131	86619352	1	1	1	15	1	18
chr5	86619497	86620667	1	1	1	17	3	19
chr5	86619879	86620667	1	1	1	0	3	3
chr5	98899706	98900810	2	2	1	26	0	19
chr5	98901083	98901185	2	2	1	30	0	19
chr5	98901336	98902899	2	2	1	34	0	17
chr5	98902965	98903791	2	2	1	59	0	19
chr5	98903909	98904896	2	2	1	20	0	17
chr5	98905099	98926333	2	2	1	28	0	18
chr5	98926535	98928538	2	2	1	10	0	18
chr5	112864733	112867403	1	1	1	36	0	19
chr5	115842107	115866669	1	1	1	17	37	18
chr5	115866762	115870016	1	1	1	15	29	18
chr5	115870129	115895086	1	1	1	15	26	18
chr5	115870129	115902884	1	1	0	3	1	17
chr5	115895159	115902884	1	1	1	23	44	19
chr5	115898790	115902884	1	1	1	0	1	3
chr5	115902993	115913361	1	1	1	50	29	18
chr5	132866688	132866868	1	1	1	17	0	19
chr5	132866692	132866868	1	1	1	31	0	19
chr5	132867036	132867487	1	1	1	65	0	19
chr5	138753511	138781922	1	1	1	7	0	17
chr5	138782030	138783176	1	1	1	39	0	18
chr5	138783373	138810037	1	1	1	49	0	19
chr5	138810205	138812182	1	1	1	64	0	19
chr5	138812303	138824529	1	1	1	43	0	19
chr5	138824800	138827514	1	1	1	40	0	18
chr5	138827719	138886211	1	1	1	36	1	18
chr5	138886293	138887489	1	1	1	50	0	19
chr5	138887643	138904348	1	1	1	32	0	18
chr5	138904442	138917741	1	1	1	48	1	18
chr5	138904442	138924509	1	1	1	0	2	4
chr5	138917899	138924509	1	1	1	44	3	18
chr5	138924711	138925255	1	1	1	42	0	18
chr5	138925408	138929245	1	1	1	47	3	19
chr5	138929357	138930472	1	1	1	25	0	17
chr5	138930655	138930829	1	1	1	61	1	17
chr5	138930936	138932577	1	1	1	35	0	16
chr5	138932713	138933801	1	1	1	45	1	17
chr5	177592399	177592574	1	1	1	20	0	15
chr5	177592676	177593649	1	1	1	17	0	18
chr6	6625013	6626292	1	1	1	1	0	18
chr6	18236597	18237380	2	2	1	0	2	7
chr6	18236601	18237380	2	2	1	60	0	18
chr6	18237517	18249650	2	2	1	37	0	11
chr6	18249840	18255730	2	2	1	49	0	19
chr6	18255852	18256360	2	2	1	54	0	18
chr6	18256456	18257952	2	2	1	64	0	18
chr6	18258032	18258356	2	2	1	1	0	3
chr6	18258063	18258303	2	2	1	62	0	19
chr6	18258406	18263842	2	2	1	31	1	19
chr6	18263997	18264384	2	2	1	28	3	18
chr6	29889605	29889706	1	1	1	2	1	17
chr6	30491654	30492403	1	1	1	1	1	10
chr6	30580006	30580405	1	1	1	1	0	18
chr6	31269174	31269337	2	2	1	19	0	19
chr6	31269386	31269492	2	2	1	23	0	18
chr6	31269526	31269965	2	2	1	23	1	18
chr6	31270086	31270209	2	2	1	17	0	18
chr6	31354297	31354478	2	2	1	88	0	18
chr6	31354527	31354632	2	2	1	43	8	19
chr6	31354666	31355106	2	2	1	46	0	18
chr6	31355224	31355316	2	2	1	34	2	19
chr6	31355593	31356166	2	2	1	0	1	14
chr6	31958455	31958891	2	2	1	1	0	16
chr6	32844871	32845417	1	1	1	2	0	18
chr6	33272123	33272627	1	1	1	39	1	19
chr6	33272727	33275796	1	1	1	43	31	19
chr6	33275884	33275964	1	1	1	91	5	18
chr6	33276067	33276175	1	1	1	91	0	19
chr6	33276268	33276390	1	1	1	63	1	17
chr6	33697751	33700443	2	2	1	63	0	18
chr6	33700514	33701345	2	2	1	40	0	18
chr6	33701421	33711548	2	2	1	26	0	19
chr6	34417548	34418368	2	2	1	14	17	17
chr6	34418425	34421729	2	2	1	12	26	19
chr6	34421808	34424668	2	2	1	15	14	19
chr6	34424841	34425071	2	2	1	31	8	18
chr6	34425222	34426031	2	2	1	33	3	17
chr6	43054487	43055896	2	2	1	40	0	19
chr6	43056008	43056080	2	2	1	53	0	19
chr6	43056197	43056306	2	4	1	40	0	17
chr6	43056446	43058064	2	2	1	30	0	16
chr6	43058234	43059285	2	2	1	9	0	18
chr6	44219783	44227259	1	1	1	1	0	4
chr6	44219783	44229389	1	1	1	0	1	3
chr6	44223642	44227259	1	1	0	11	0	18
chr6	44227343	44229389	1	1	1	40	1	19
chr6	44229472	44229588	1	1	1	28	1	16
chr6	44229792	44229906	1	1	1	45	0	19
chr6	44230047	44230346	1	1	1	60	0	18
chr6	44230482	44230567	1	1	1	40	0	19
chr6	44230666	44230810	1	1	1	50	0	19
chr6	44230890	44231363	1	1	1	58	0	18
chr6	44231462	44231997	1	1	1	43	0	18
chr6	44232107	44232342	1	1	1	52	0	17
chr6	44232429	44232806	1	1	1	59	0	18
chr6	44233007	44233416	1	1	1	42	0	19
chr6	44249835	44250020	1	1	1	2	0	16
chr6	52671246	52677086	1	1	1	26	0	18
chr6	52677173	52681812	1	1	1	33	0	19
chr6	52681915	52684077	1	1	1	65	0	19
chr6	52684166	52686009	1	1	1	41	0	19
chr6	63572720	63576435	1	1	1	72	0	19
chr6	63576986	63578436	1	1	1	72	0	19
chr6	63578530	63578897	1	1	1	77	0	18
chr6	63579029	63579256	1	1	1	91	1	19
chr6	63579332	63580056	1	1	1	106	0	19
chr6	70274083	70274718	2	2	1	1	0	15
chr6	73518611	73518697	2	2	1	1	0	12
chr6	75237989	75240300	2	2	1	49	0	19
chr6	75240386	75241175	2	2	1	39	0	17
chr6	75241266	75243716	2	2	1	30	0	18
chr6	85618940	85619267	2	2	1	29	0	19
chr6	85619418	85622481	2	2	1	35	11	19
chr6	85622688	85623976	2	2	1	50	7	18
chr6	85624113	85636966	2	2	1	51	0	18
chr6	85637144	85637242	2	2	1	25	9	19
chr6	85637357	85640220	2	2	1	36	3	17
chr6	85640329	85640445	2	2	1	28	0	18
chr6	85640565	85641291	2	2	1	17	0	10
chr6	109377972	109379578	2	2	1	1	0	15
chr6	110982130	110985005	1	1	1	24	0	18
chr6	110985139	110989027	1	1	1	65	0	17
chr6	110989066	110991746	1	1	1	36	0	19
chr6	110991787	110997182	1	1	1	41	0	17
chr6	110997265	110999710	1	1	1	47	0	19
chr6	110999788	111008037	1	1	1	40	9	19
chr6	111008138	111015753	1	1	1	59	0	19
chr6	111015857	111024182	1	1	1	39	0	19
chr6	122780464	122781092	1	1	1	1	0	14
chr6	122781195	122783716	1	1	1	1	0	7
chr6	127973158	127973663	2	2	1	1	0	14
chr6	127976783	127976922	2	2	1	1	0	18
chr6	132814614	132814731	1	1	1	1	2	12
chr6	132814783	132814971	1	1	1	9	0	19
chr6	132815089	132816460	1	1	1	6	1	16
chr6	132816564	132816959	1	1	1	10	0	19
chr6	132817062	132817479	1	1	1	13	2	17
chr6	134173567	134174004	2	2	1	17	0	16
chr6	134174081	134174510	2	2	1	17	0	18
chr6	134174587	134174731	2	2	1	18	0	19
chr6	138092269	138096353	2	2	1	50	2	17
chr6	138096495	138107126	2	2	1	37	0	17
chr6	142147400	142166227	1	1	1	38	0	18
chr6	142166323	142169549	1	1	1	49	0	18
chr6	142169678	142170345	1	1	1	52	0	19
chr6	142170422	142189425	1	1	1	57	0	18
chr6	142189535	142198438	1	1	1	41	0	19
chr6	142198616	142203984	1	1	1	56	1	18
chr6	142204066	142218497	1	1	1	28	0	18
chr6	152971415	152972271	2	2	1	46	0	19
chr6	152972455	152973045	2	2	1	62	0	19
chr6	152973137	152974906	2	2	1	72	0	19
chr6	152975622	152982856	2	2	1	32	0	17
chr6	155258083	155260272	2	2	1	43	2	18
chr6	155260401	155285157	2	2	1	35	0	18
chr6	155285278	155296952	2	2	1	39	0	18
chr6	155297105	155298476	2	2	1	60	0	18
chr6	155298586	155311187	2	2	1	52	0	19
chr6	155311340	155313137	2	2	1	0	4	3
chr6	155311340	155314295	2	2	1	30	4	18
chr6	158784728	158785308	2	2	1	1	0	5
chr7	584569	596145	2	2	1	1	0	8
chr7	5527892	5528003	2	2	1	47	0	19
chr7	5528186	5528280	2	2	1	47	0	19
chr7	5528672	5529160	2	2	1	1	0	4
chr7	5528720	5529018	2	2	1	0	2	3
chr7	5528720	5529160	2	2	1	37	2	18
chr7	5529401	5529534	2	2	1	31	4	18
chr7	5529401	5530523	2	2	1	0	1	3
chr7	5529664	5530523	2	2	1	11	0	19
chr7	7637083	7637863	2	2	1	80	0	19
chr7	7637973	7639069	2	2	1	63	0	19
chr7	7639145	7640319	2	2	1	84	1	19
chr7	23246928	23253306	1	1	1	19	0	19
chr7	23253460	23254168	1	1	1	21	0	18
chr7	23254313	23256891	1	1	1	55	0	19
chr7	27740270	27748517	1	1	1	2	0	17
chr7	27748687	27758030	1	1	1	1	0	8
chr7	27758134	27765833	1	1	1	1	0	13
chr7	35882577	35883890	1	1	1	1	0	6
chr7	36443863	36449664	1	1	1	38	0	18
chr7	36449838	36452476	1	1	1	63	0	18
chr7	42917691	42917777	2	2	1	41	0	18
chr7	42917836	42921857	2	2	1	39	0	19
chr7	42921932	42923324	2	2	1	49	0	19
chr7	42923407	42924674	2	2	1	59	0	18
chr7	42924798	42926535	2	2	1	42	0	18
chr7	42926669	42927382	2	2	1	25	1	18
chr7	42927460	42932117	2	2	1	28	0	18
chr7	43986313	43986600	2	2	1	0	2	18
chr7	43987889	43988085	2	2	1	0	22	19
chr7	43988248	43990094	2	2	1	0	21	16
chr7	44254608	44258871	2	2	1	1	0	4
chr7	44796794	44799246	1	1	1	18	25	18
chr7	44799278	44799391	1	1	1	46	21	18
chr7	44799481	44799701	1	1	1	46	57	19
chr7	44799875	44801286	1	1	1	28	69	18
chr7	45064002	45064462	1	1	1	1	0	13
chr7	55951931	55954908	1	1	0	19	0	12
chr7	73691013	73692595	1	1	1	13	0	18
chr7	73692647	73693328	1	1	1	37	1	18
chr7	73693415	73693623	1	1	1	66	0	19
chr7	73693670	73693991	1	1	1	64	0	18
chr7	73693670	73697604	1	1	1	0	1	3
chr7	73694051	73697604	1	1	1	54	1	17
chr7	73697517	73697604	1	1	1	0	1	3
chr7	73697695	73697831	1	1	1	36	0	18
chr7	73736692	73736928	2	2	1	48	0	18
chr7	73737111	73737220	2	2	1	63	0	19
chr7	73737392	73737561	2	2	1	69	0	18
chr7	73737736	73738327	2	2	1	45	0	19
chr7	73738464	73738645	2	2	1	22	0	19
chr7	74234825	74235531	2	2	0	21	0	18
chr7	74235646	74237361	2	2	1	31	0	19
chr7	74237443	74238922	2	2	1	57	2	19
chr7	74238989	74239937	2	2	1	32	0	19
chr7	74240096	74243145	2	2	1	53	0	19
chr7	74243247	74246661	2	2	1	0	5	5
chr7	74243247	74249011	2	2	1	39	5	18
chr7	74249119	74249738	2	2	1	43	0	16
chr7	74249781	74252428	2	2	1	41	0	19
chr7	74252499	74254270	2	2	1	21	0	18
chr7	76303077	76303801	1	1	1	18	0	18
chr7	76303866	76303983	1	1	1	18	0	19
chr7	96688967	96694797	2	2	1	43	0	18
chr7	96694892	96709687	2	2	1	23	0	19
chr7	99409005	99410033	1	1	1	17	0	17
chr7	99410170	99411063	1	1	1	63	0	19
chr7	99411187	99416137	1	1	1	39	0	19
chr7	99416261	99417428	1	1	1	78	0	18
chr7	99417596	99419390	1	1	1	49	0	17
chr7	99967287	99968154	2	2	1	825	133	19
chr7	99968261	99985957	2	2	0	1	0	17
chr7	99968431	99971745	2	2	1	1189	0	19
chr7	99972007	99975944	2	2	1	437	1	19
chr7	99986049	99987257	1	1	1	0	133	18
chr7	100706305	100706820	1	1	1	42	0	19
chr7	101287744	101289688	2	2	1	0	1	17
chr7	102469063	102469573	1	1	1	21	0	15
chr7	102469647	102469741	1	1	1	24	0	17
chr7	102469883	102472217	1	1	1	39	0	15
chr7	102472310	102472453	1	1	1	44	0	18
chr7	102472610	102472691	1	1	1	59	0	18
chr7	102472805	102472908	1	1	1	27	0	18
chr7	102538526	102539605	2	2	1	0	51	18
chr7	102539727	102540014	2	2	1	0	41	18
chr7	102540092	102541092	2	2	1	0	62	17
chr7	102541304	102541500	2	2	1	0	47	19
chr7	102541663	102543524	2	2	1	0	42	17
chr7	102637634	102638713	2	2	1	1	51	18
chr7	102638835	102639122	2	2	1	1	43	18
chr7	102639200	102640203	2	2	1	2	62	17
chr7	102640415	102640611	2	2	1	0	47	19
chr7	102640774	102642629	2	2	1	0	42	17
chr7	105457927	105459167	2	2	1	22	0	17
chr7	105459260	105462620	2	2	1	29	0	19
chr7	105462751	105465312	2	2	1	29	0	19
chr7	105465415	105468336	2	2	1	20	0	18
chr7	105468464	105470687	2	2	1	33	0	18
chr7	105470849	105472131	2	2	1	28	0	18
chr7	105472194	105481051	2	2	1	26	0	19
chr7	105481178	105482311	2	2	1	35	0	19
chr7	105482441	105491539	2	2	1	29	0	17
chr7	105491618	105495141	2	2	1	41	0	19
chr7	105495254	105502419	2	2	1	24	0	16
chr7	105502565	105505954	2	2	1	30	1	19
chr7	105502565	105506188	2	2	1	0	1	3
chr7	105506057	105506188	2	2	1	50	0	18
chr7	105506274	105508114	2	2	1	21	0	14
chr7	105508545	105522051	2	2	1	27	0	18
chr7	116862651	116888126	1	1	1	22	1	19
chr7	116888191	116892993	1	1	1	20	0	19
chr7	116893046	116898771	1	1	1	41	0	19
chr7	116898836	116904176	1	1	1	40	2	18
chr7	116904384	116906262	1	1	1	49	0	16
chr7	116906343	116910232	1	1	1	31	0	17
chr7	116910312	116912068	1	1	1	51	2	18
chr7	116912141	116916059	1	1	1	99	2	17
chr7	116916123	116917726	1	1	1	48	0	18
chr7	127589595	127590065	1	1	1	22	0	17
chr7	127590138	127590962	1	1	1	42	0	18
chr7	127591089	127591212	1	1	1	26	0	19
chr7	139026834	139028701	2	2	1	48	0	19
chr7	139028961	139034542	2	2	1	25	0	19
chr7	140696843	140702865	1	1	1	59	0	19
chr7	140703011	140704859	1	1	1	58	0	17
chr7	140704964	140706562	1	1	1	47	0	18
chr7	141738411	141739123	1	1	1	24	0	19
chr7	141739191	141742168	1	1	1	59	2	19
chr7	141741799	141742168	1	1	1	0	2	5
chr7	141742230	141743560	1	1	1	36	0	18
chr7	141743702	141743901	1	1	1	36	0	19
chr7	141743990	141745495	1	1	1	28	0	19
chr7	141745585	141750310	1	1	1	46	0	19
chr7	152649364	152660700	2	2	1	37	0	17
chr7	152660783	152676040	2	2	1	35	0	18
chr7	157337145	157358546	1	1	1	6	28	17
chr7	157358638	157363160	1	1	1	17	28	18
chr7	157363271	157366501	1	1	1	45	4	19
chr7	157366562	157367372	1	1	1	23	35	17
chr7	157367484	157382245	1	1	1	19	37	18
chr7	157382378	157384866	1	1	1	32	26	18
chr7	157385009	157385540	1	1	1	26	23	19
chr8	27598251	27598459	2	2	1	32	0	19
chr8	27598636	27599779	2	2	1	46	0	17
chr8	27600010	27604290	2	2	1	44	0	19
chr8	27604396	27604923	2	2	1	50	0	19
chr8	56073273	56073694	2	2	1	45	0	19
chr8	56073769	56074059	2	2	1	29	0	19
chr8	56074160	56074380	2	2	1	5	2	19
chr8	58553304	58565018	1	1	1	20	1	18
chr8	58565085	58570886	1	1	1	30	0	18
chr8	58570966	58572204	1	1	1	36	0	19
chr8	58572315	58575902	1	1	1	50	0	18
chr8	58576062	58578032	1	1	1	59	3	19
chr8	58578209	58579622	1	1	1	55	0	18
chr8	58579795	58580516	1	1	1	32	0	19
chr8	58580609	58581685	1	1	1	49	1	18
chr8	73290706	73291042	2	2	1	90	22	19
chr8	73291253	73291551	2	2	1	170	53	19
chr8	73291662	73291772	2	2	1	255	29	18
chr8	73291911	73292238	2	2	1	150	47	18
chr8	73292406	73292688	2	2	1	88	23	18
chr8	73292798	73293598	2	2	1	57	87	19
chr8	73946821	73955910	2	2	1	36	0	17
chr8	73956055	73959764	2	2	1	23	10	17
chr8	73959819	73964486	2	2	1	32	0	19
chr8	79919149	80002998	2	2	1	92	0	19
chr8	80003181	80029760	2	2	1	9	0	6
chr8	80003181	80030020	2	2	0	14	0	18
chr8	80003181	80042619	2	4	1	53	0	19
chr8	80042669	80051526	2	2	1	47	0	18
chr8	80051629	80053281	2	2	1	41	0	17
chr8	80053431	80064477	2	2	1	45	0	17
chr8	80064594	80171424	2	2	1	17	1	18
chr8	85214632	85214920	2	2	1	19	0	18
chr8	85215038	85217385	2	2	1	33	0	17
chr8	85217503	85220305	2	2	1	12	0	18
chr8	85442192	85444033	1	1	1	1	0	11
chr8	94881746	94882131	2	2	1	110	0	19
chr8	94882290	94882780	2	2	1	96	0	19
chr8	94882893	94885066	2	2	1	69	0	19
chr8	94885202	94885462	2	2	1	99	0	18
chr8	94885559	94887926	2	2	1	78	1	19
chr8	94888074	94890414	2	2	1	91	0	19
chr8	94890551	94892817	2	2	1	81	1	18
chr8	94892970	94893890	2	2	1	61	0	19
chr8	94893945	94894022	2	2	1	47	0	19
chr8	94894120	94894207	2	2	1	41	0	18
chr8	94894248	94895176	2	2	1	43	0	19
chr8	96231133	96231773	2	2	1	41	5	19
chr8	96231941	96233155	2	2	1	38	0	19
chr8	96233228	96235511	2	2	1	3	0	13
chr8	100920753	100923954	2	2	1	30	21	19
chr8	100924051	100924134	2	2	1	32	20	19
chr8	100924299	100924915	2	2	1	39	1	18
chr8	100925040	100948595	2	2	1	36	25	19
chr8	100948901	100950405	2	2	1	0	3	3
chr8	100948901	100951234	2	2	1	0	3	3
chr8	100948901	100951455	2	2	1	0	3	3
chr8	100948901	100951928	2	2	1	23	7	18
chr8	100948901	100952849	2	2	1	0	3	3
chr8	120414113	120419851	2	2	1	1	0	8
chr8	120419939	120425305	2	2	1	1	0	19
chr8	120425367	120432029	2	2	1	3	0	18
chr8	120432124	120443184	2	2	1	2	0	19
chr8	120443309	120445067	2	2	1	2	0	6
chr8	144095229	144095832	1	1	1	25	0	19
chr8	144096030	144096123	1	1	1	39	0	18
chr8	144096030	144096142	1	1	1	1	0	3
chr8	144096251	144096336	1	1	1	25	0	17
chr8	144096495	144096583	1	1	1	36	0	19
chr8	144096745	144097033	1	1	1	33	0	19
chr8	144097135	144097231	1	1	1	16	0	16
chr8	144510016	144510359	1	1	1	37	2	19
chr8	144510508	144510597	1	1	1	83	0	19
chr8	144510723	144510793	1	1	1	49	0	18
chr8	144510904	144510990	1	1	1	42	0	19
chr8	144789963	144790354	2	2	1	167	0	18
chr8	144790471	144791276	2	2	1	193	9	19
chr8	144791308	144791370	2	2	1	28	2	9
chr8	144791308	144791849	2	2	1	7	1	3
chr8	144791311	144791991	2	2	1	4	0	4
chr8	144791496	144791772	2	2	1	217	3	19
chr8	144791873	144791991	2	2	1	1	1	7
chr8	144791915	144791991	2	2	1	214	1	19
chr8	144792141	144792365	2	2	1	141	0	19
chr8	145053147	145053296	1	1	1	1	0	17
chr9	172173	173269	2	2	1	0	7	4
chr9	173367	175697	2	2	1	0	1	5
chr9	175785	178815	2	2	1	0	12	19
chr9	15444707	15447094	1	1	1	1	0	13
chr9	19376389	19376493	2	2	1	53	1	18
chr9	19376652	19378367	2	2	1	81	8	17
chr9	19378515	19378707	2	2	1	125	3	19
chr9	19378919	19379486	2	2	1	65	2	18
chr9	19379619	19380189	2	2	1	52	4	16
chr9	32553945	32558909	2	2	1	28	0	18
chr9	32558955	32570959	2	2	1	36	0	18
chr9	32571053	32572880	2	2	1	55	0	19
chr9	33047392	33048105	2	2	1	56	3	18
chr9	33048259	33053122	2	2	1	40	0	19
chr9	33053291	33056112	2	2	1	55	13	19
chr9	33056240	33056836	2	2	1	40	2	19
chr9	33056965	33057597	2	2	1	34	0	18
chr9	33057715	33060464	2	2	1	17	3	15
chr9	33120607	33135188	2	2	1	40	0	19
chr9	33135425	33166757	2	2	1	42	1	18
chr9	33265148	33266009	1	1	1	38	0	19
chr9	33266115	33267852	1	1	1	40	0	19
chr9	33267900	33270622	1	1	1	43	0	19
chr9	33270717	33271151	1	1	1	45	2	19
chr9	33271224	33276455	1	1	1	66	0	19
chr9	33276565	33278112	1	1	1	53	0	19
chr9	33278226	33280808	1	1	1	46	1	18
chr9	35064286	35065250	2	2	1	1	0	8
chr9	35662003	35662178	2	2	1	55	0	19
chr9	35662268	35662511	2	2	1	63	0	19
chr9	35662742	35662945	2	2	1	60	0	19
chr9	35663075	35663321	2	2	1	67	0	19
chr9	35663393	35664007	2	2	1	42	0	17
chr9	35664127	35664371	2	2	1	66	0	19
chr9	35664493	35664755	2	2	1	52	0	18
chr9	35664851	35665031	2	2	1	27	0	19
chr9	35724725	35724829	2	2	1	34	0	18
chr9	35724960	35725223	2	2	1	41	0	18
chr9	35725322	35725564	2	2	1	16	1	17
chr9	35725728	35732074	2	2	1	14	2	17
chr9	36651878	36657240	1	1	1	1	0	12
chr9	37588933	37592411	2	2	1	77	0	19
chr9	41182467	41183563	2	2	1	0	31	18
chr9	41183661	41185992	2	2	1	0	22	18
chr9	41186080	41189104	2	2	1	0	17	19
chr9	65676131	65679165	1	1	1	5	17	19
chr9	65679253	65681573	1	1	1	2	22	19
chr9	65681671	65682765	1	1	1	1	31	18
chr9	68242186	68245212	1	1	1	0	17	19
chr9	68245300	68247612	1	1	1	0	22	18
chr9	68247710	68248805	1	1	1	0	31	18
chr9	83969381	83970161	2	2	1	0	22	10
chr9	83969441	83970161	2	2	1	34	22	18
chr9	83970332	83970736	2	2	1	55	5	19
chr9	83970820	83970896	2	2	1	19	0	18
chr9	83970913	83971272	2	2	1	14	3	16
chr9	83971357	83971671	2	2	1	27	0	18
chr9	83971727	83971881	2	2	1	32	2	19
chr9	83972190	83972843	2	2	1	75	1	18
chr9	83972973	83973285	2	2	1	41	3	19
chr9	83973400	83973901	2	2	1	59	1	18
chr9	83973974	83974516	2	2	1	47	2	19
chr9	83974590	83975461	2	2	1	57	0	18
chr9	83975506	83976994	2	2	1	50	4	19
chr9	83977052	83977688	2	2	1	48	0	17
chr9	83977787	83978194	2	2	1	39	0	19
chr9	83978280	83978372	2	2	1	60	2	19
chr9	83978453	83980502	2	2	1	21	1	18
chr9	86027894	86033281	2	2	1	41	0	18
chr9	86033396	86035367	2	2	1	33	0	18
chr9	86035626	86036347	2	2	1	49	0	18
chr9	86036508	86040738	2	2	1	38	0	18
chr9	86040869	86046469	2	2	1	45	0	19
chr9	86046573	86052536	2	2	1	64	0	18
chr9	86052592	86077411	2	4	1	59	0	18
chr9	86077592	86077884	2	2	1	0	4	3
chr9	86077592	86079191	2	2	1	35	4	18
chr9	86079342	86099410	2	2	1	28	1	19
chr9	98056941	98060781	1	1	1	34	0	19
chr9	98060998	98076917	1	1	1	63	0	18
chr9	98077018	98078192	1	1	1	41	0	19
chr9	98078348	98080815	1	1	1	38	0	18
chr9	98081083	98082845	1	1	1	27	0	17
chr9	110244220	110244777	2	2	1	17	0	18
chr9	110244844	110250819	2	2	1	23	0	18
chr9	110250880	110251357	2	2	1	24	0	19
chr9	110251463	110256411	2	2	1	17	0	17
chr9	112228473	112231379	2	2	1	1	0	13
chr9	114587921	114592551	1	1	1	19	0	18
chr9	114592653	114597569	1	1	1	8	0	16
chr9	124858068	124860182	2	2	1	27	19	19
chr9	124860265	124861418	2	2	1	41	3	19
chr9	124861556	124861909	2	2	1	21	0	19
chr9	125237155	125238140	2	2	1	1	0	17
chr9	133363760	133364839	2	2	1	40	0	18
chr9	133365027	133365984	2	2	1	33	0	18
chr9	133366029	133366598	2	2	1	47	1	18
chr9	133366676	133367258	2	2	1	29	0	18
chr9	133367446	133375238	2	2	1	0	2	3
chr9	133367446	133375921	2	2	1	23	2	19
chr9	136862346	136862905	2	2	1	35	0	19
chr9	136863000	136863287	2	2	1	43	0	18
chr9	136863449	136863819	2	2	1	43	0	18
chr9	136863872	136866180	2	2	1	21	0	17
chr9	137107448	137107530	1	1	1	16	0	19
chr9	137107663	137108387	1	1	1	38	0	19
chr10	5766153	5766240	2	2	1	49	0	18
chr10	5766296	5766493	2	2	1	31	0	18
chr10	5766639	5768212	2	2	1	50	8	17
chr10	5768385	5773841	2	2	1	31	0	19
chr10	5773942	5785141	2	2	1	38	5	19
chr10	5785274	5785851	2	2	1	60	0	19
chr10	5786051	5794884	2	2	1	41	0	18
chr10	5795020	5796762	2	2	1	64	0	17
chr10	5796863	5800597	2	2	1	68	0	19
chr10	5800706	5813213	2	2	1	30	0	18
chr10	12167812	12170716	2	2	1	22	0	17
chr10	12170771	12170899	2	2	1	19	0	13
chr10	12170909	12172764	2	2	1	13	0	9
chr10	21919930	21920797	2	2	1	42	0	17
chr10	21920964	21928505	2	2	1	57	0	19
chr10	21928553	21929039	2	2	1	37	0	19
chr10	21929142	22003212	2	2	1	61	1	19
chr10	38499797	38523502	1	1	0	0	1	18
chr10	38508436	38516921	2	2	0	0	1	14
chr10	41858474	41878239	2	2	0	2	1	15
chr10	41867150	41868122	1	1	0	0	3	16
chr10	41867150	41873047	1	1	0	0	3	16
chr10	41872090	41873047	1	1	0	0	3	16
chr10	41897299	41903948	2	2	0	1	3	14
chr10	43394689	43396455	2	2	1	1	0	13
chr10	70203187	70204872	2	2	1	53	0	19
chr10	70204916	70206263	2	2	1	30	13	18
chr10	70206334	70209204	2	2	1	35	0	19
chr10	70209291	70209557	2	2	1	45	0	17
chr10	70209686	70213462	2	2	1	57	0	15
chr10	70213590	70214499	2	2	1	50	3	19
chr10	70214587	70217811	2	2	1	69	4	19
chr10	70217932	70218763	2	2	1	40	0	19
chr10	70218818	70230340	2	2	1	48	0	17
chr10	70230400	70233263	2	2	1	34	0	18
chr10	84081598	84081896	0	0	1	3	4	15
chr10	94545908	94546376	1	1	1	29	0	19
chr10	94546499	94554125	1	1	1	34	0	18
chr10	94554249	94558138	1	1	1	17	0	17
chr10	94558196	94562690	1	1	1	52	0	19
chr10	94562728	94562811	1	1	1	3	0	6
chr10	121961518	121963237	2	2	1	1	0	4
chr10	123154486	123154917	1	1	1	53	0	19
chr10	123155113	123155657	1	1	1	75	0	18
chr10	123155728	123157728	1	1	1	96	2	19
chr10	123157881	123160406	1	1	1	97	2	19
chr10	123160566	123162235	1	1	1	101	0	17
chr10	123162414	123162611	1	1	1	87	1	18
chr10	123162829	123163819	1	1	1	0	5	3
chr10	123162829	123165046	1	1	1	58	5	18
chr11	237145	238997	1	1	1	47	0	18
chr11	237145	244040	1	1	1	1	0	3
chr11	239077	244040	1	1	1	37	1	18
chr11	244076	244160	1	1	1	30	1	19
chr11	244217	244425	1	1	1	54	1	19
chr11	244470	244674	1	1	1	40	0	19
chr11	244762	247276	1	1	1	39	0	17
chr11	247449	248775	1	1	1	54	0	19
chr11	248856	248931	1	1	1	49	0	19
chr11	249058	250802	1	1	1	67	0	19
chr11	250866	251545	1	1	1	49	0	19
chr11	250866	251819	1	1	1	0	1	3
chr11	251627	251819	1	1	1	58	1	18
chr11	251937	252504	1	1	1	72	1	19
chr11	842916	850287	1	1	1	18	1	19
chr11	847301	850287	1	1	1	0	1	3
chr11	850368	862549	1	1	1	22	0	18
chr11	862742	864436	1	1	1	35	0	19
chr11	864512	865512	1	1	1	57	0	17
chr11	865615	865693	1	1	1	35	0	17
chr11	865826	865917	1	1	1	31	0	16
chr11	866002	866561	1	1	1	42	0	19
chr11	1259062	1259755	1	1	1	40	0	19
chr11	1259843	1259962	1	1	1	18	0	17
chr11	1260086	1260350	1	1	1	37	0	19
chr11	1260394	1260625	1	1	1	43	0	18
chr11	1260729	1261388	1	1	1	60	0	18
chr11	8682817	8683201	1	1	1	26	24	19
chr11	8683266	8684005	1	1	1	35	9	18
chr11	8684082	8684717	1	1	1	58	11	18
chr11	8684893	8685677	1	1	1	56	0	19
chr11	9295388	9299583	2	2	1	16	0	17
chr11	9299702	9314320	2	2	1	10	0	18
chr11	17276829	17295323	1	1	0	2	0	14
chr11	17295468	17296103	1	1	1	75	0	19
chr11	17296212	17301743	1	1	1	56	0	18
chr11	17301871	17309571	1	1	1	38	0	17
chr11	17309676	17310824	1	1	1	36	0	19
chr11	20574254	20574570	0	0	1	4	2	17
chr11	47418946	47419115	2	2	1	35	0	18
chr11	47419198	47420263	2	2	1	32	0	19
chr11	47420410	47420630	2	2	1	42	0	19
chr11	47420728	47422573	2	2	1	39	0	18
chr11	47422723	47422829	2	2	1	42	0	17
chr11	47422974	47424045	2	2	1	43	3	19
chr11	47422974	47424108	2	2	1	0	3	4
chr11	47424184	47424428	2	2	1	32	0	18
chr11	47424492	47424606	2	2	1	43	0	18
chr11	47424712	47425120	2	2	1	37	0	18
chr11	47425247	47425866	2	2	1	33	0	17
chr11	47425951	47426132	2	2	1	0	1	3
chr11	47425951	47426204	2	2	1	15	1	18
chr11	60179966	60181580	2	2	1	1	0	7
chr11	61793029	61796921	1	1	0	2	0	18
chr11	62559838	62560068	2	2	1	36	4	18
chr11	62560194	62560281	2	2	1	65	17	18
chr11	62560455	62566805	2	2	1	29	37	19
chr11	62567011	62567398	2	2	1	40	8	15
chr11	62567529	62570964	2	2	1	30	31	19
chr11	62571109	62571539	2	2	1	51	19	19
chr11	62571683	62571837	2	2	1	46	9	18
chr11	62571902	62572583	2	2	1	32	6	19
chr11	62572743	62573830	2	2	1	6	19	19
chr11	62766277	62766493	1	1	1	2	0	7
chr11	64316969	64317057	2	2	1	55	0	18
chr11	64317148	64317263	2	2	1	23	0	19
chr11	64317366	64317448	2	2	1	19	0	18
chr11	65120807	65120980	2	2	1	54	2	18
chr11	65121037	65121499	2	2	1	82	3	18
chr11	65121645	65121738	2	2	1	53	0	19
chr11	65121822	65122089	2	2	1	56	0	19
chr11	65647659	65649261	1	1	1	27	1	19
chr11	65649481	65649560	1	1	1	43	0	18
chr11	65649673	65649756	1	1	1	50	0	18
chr11	65649866	65649949	1	1	1	50	0	18
chr11	65650052	65650137	1	1	1	62	0	19
chr11	65650193	65650400	1	1	1	36	0	19
chr11	65650480	65650568	1	1	1	36	0	17
chr11	65856243	65858096	2	2	1	1	0	9
chr11	66277025	66277168	2	4	1	4	0	4
chr11	66337890	66338242	2	2	1	41	0	19
chr11	66338283	66338720	2	2	1	49	0	19
chr11	66338786	66340120	2	2	1	69	0	19
chr11	66340214	66340773	2	2	1	33	0	19
chr11	66340871	66340966	2	2	1	55	0	18
chr11	66341047	66341205	2	2	1	49	1	18
chr11	66341047	66341212	2	2	1	0	1	3
chr11	66341334	66341532	2	2	1	56	0	19
chr11	66341624	66342095	2	2	1	56	0	18
chr11	66342242	66344971	2	2	1	23	0	17
chr11	66638753	66639699	1	1	1	1	0	16
chr11	67438502	67438670	2	2	1	9	0	18
chr11	67438950	67439785	2	2	1	40	0	17
chr11	67439844	67440117	2	2	1	45	0	19
chr11	67440264	67440334	2	2	1	48	0	18
chr11	67440440	67441124	2	2	1	26	0	18
chr11	67441245	67441332	2	2	1	47	0	19
chr11	67441515	67441732	2	2	1	67	0	18
chr11	67441863	67441965	2	2	1	36	0	18
chr11	67442089	67442427	2	2	1	32	0	17
chr11	67442631	67443403	2	2	1	15	0	18
chr11	67583845	67584133	1	1	1	15	0	19
chr11	67584170	67584463	1	1	1	28	0	19
chr11	67584571	67584684	1	1	1	30	0	18
chr11	67584773	67585137	1	1	1	45	0	19
chr11	67585242	67586103	1	1	1	65	0	18
chr11	67586212	67586388	1	1	1	37	0	18
chr11	73677963	73679653	2	2	1	31	0	19
chr11	73679721	73707419	2	2	1	21	4	19
chr11	73707514	73716250	2	2	1	31	0	17
chr11	73716363	73718612	2	2	1	0	11	9
chr11	73716363	73718784	2	2	1	39	16	19
chr11	73718891	73720845	2	2	1	38	2	19
chr11	73720900	73730764	2	2	1	46	1	19
chr11	73730824	73760565	2	2	1	43	2	19
chr11	73975122	73975490	2	2	1	41	1	17
chr11	73975633	73976640	2	2	1	1	0	3
chr11	73975672	73976640	2	2	1	35	2	18
chr11	73976743	73976822	2	2	1	25	0	18
chr11	74949400	74965033	1	1	1	13	12	15
chr11	74949400	74976856	1	1	1	0	1	3
chr11	74965118	74965762	1	1	1	15	6	19
chr11	74965118	74969610	1	1	1	1	0	5
chr11	74965924	74969564	1	5	1	8	42	19
chr11	74969700	74976856	1	1	1	46	2	18
chr11	111908968	111910326	2	2	1	36	0	19
chr11	111910450	111911523	2	2	1	28	1	18
chr11	112226527	112228593	1	1	1	26	0	17
chr11	112228674	112230207	1	1	1	48	0	19
chr11	112230231	112230625	1	1	1	48	0	18
chr11	112230683	112233162	1	1	1	26	1	18
chr11	112233234	112233431	1	1	1	31	0	18
chr11	118401718	118406936	1	1	1	25	0	18
chr11	118407098	118408999	1	1	1	35	3	18
chr11	119310251	119310348	2	2	0	5	0	16
chr11	119310467	119310755	2	2	1	5	0	16
chr11	119310904	119311089	2	2	1	8	0	12
chr11	119311186	119311279	2	2	1	14	0	17
chr11	119311422	119311529	2	2	1	10	0	18
chr11	119311652	119311807	2	2	1	7	0	18
chr11	134248485	134248808	2	2	1	43	0	19
chr11	134248960	134249166	2	2	1	59	0	17
chr11	134249263	134249827	2	2	1	53	0	18
chr11	134249921	134250274	2	2	1	58	0	19
chr11	134250344	134251129	2	2	1	52	0	19
chr11	134251309	134252839	2	2	1	26	0	18
chr11	134252917	134253226	2	2	1	44	0	19
chr12	6200566	6225425	1	1	1	23	0	18
chr12	6225535	6232631	1	1	1	47	1	18
chr12	6232730	6233411	1	1	1	50	0	18
chr12	6233487	6235228	1	1	1	43	0	19
chr12	6235328	6235475	1	1	1	50	0	17
chr12	6235566	6236191	1	1	1	43	0	17
chr12	6236276	6237762	1	1	1	67	0	18
chr12	6534570	6534809	1	1	1	13	0	18
chr12	6534862	6536493	1	1	1	15	3	18
chr12	6536594	6536683	1	1	1	31	1	18
chr12	6536608	6536683	1	1	1	0	1	7
chr12	6536791	6536919	1	1	1	22	0	19
chr12	6537011	6537100	1	1	1	27	1	18
chr12	6537217	6537308	1	1	1	41	0	18
chr12	6537391	6537583	1	1	1	41	0	18
chr12	6537986	6538140	2	2	1	6	0	4
chr12	6537997	6538100	1	1	1	32	0	19
chr12	6750008	6750176	2	2	1	1	0	17
chr12	6752363	6752938	2	2	1	1	0	12
chr12	12162420	12164272	2	2	1	1	0	19
chr12	13211589	13213478	1	1	1	1	0	8
chr12	21638471	21641951	2	2	1	42	0	19
chr12	21642126	21643934	2	2	1	35	0	19
chr12	21644109	21646898	2	2	1	47	0	16
chr12	21647017	21654542	2	2	1	30	0	18
chr12	21654678	21657750	2	2	1	45	0	18
chr12	22046564	22055148	1	1	1	11	0	17
chr12	22055292	22055454	1	1	1	16	0	10
chr12	22055611	22058566	1	1	1	11	0	19
chr12	22058701	22060831	1	1	1	11	0	15
chr12	22060927	22061280	1	1	1	7	0	11
chr12	22061453	22062280	1	1	1	7	0	16
chr12	22062435	22065120	1	1	1	8	0	16
chr12	42313987	42317339	2	2	1	44	0	18
chr12	42317448	42317786	2	2	1	46	3	19
chr12	42317899	42322417	2	2	1	39	1	18
chr12	42322447	42324018	2	2	1	40	0	18
chr12	42324105	42325923	2	2	1	42	2	18
chr12	49758276	49758382	1	1	1	20	0	17
chr12	49758481	49758682	1	1	1	19	0	18
chr12	49758763	49759220	1	1	1	20	0	19
chr12	49759322	49761703	1	1	1	32	0	17
chr12	49761780	49762872	1	1	1	23	0	19
chr12	52897619	52898460	2	2	1	76	27	18
chr12	52898520	52898678	2	2	1	106	4	19
chr12	52898900	52899774	2	2	1	75	34	17
chr12	52900066	52900587	2	2	1	76	2	18
chr12	52900684	52901158	2	2	1	91	36	19
chr12	52901220	52901863	2	2	1	128	28	19
chr12	52902073	52904657	2	2	1	85	20	18
chr12	54281503	54281794	1	1	1	24	0	15
chr12	54281942	54282089	1	1	1	30	3	18
chr12	54282139	54282799	1	1	1	1	0	5
chr12	54282301	54282393	1	1	1	68	3	18
chr12	54282487	54282572	1	1	1	25	11	19
chr12	54282597	54283826	1	1	1	1	1	5
chr12	54282612	54283826	1	1	1	1	0	3
chr12	54282663	54282799	1	1	1	0	3	4
chr12	54282663	54283826	1	1	1	0	5	6
chr12	54282666	54282799	1	1	1	33	2	19
chr12	54282666	54283078	1	1	1	0	1	3
chr12	54282666	54283826	1	1	1	0	1	3
chr12	54282821	54283826	1	1	1	1	0	3
chr12	54282842	54283826	1	1	1	0	2	4
chr12	54282875	54283811	1	1	1	18	44	18
chr12	54283968	54284257	1	1	1	40	12	18
chr12	54284318	54284548	1	1	1	24	7	18
chr12	54456154	54459088	2	2	1	43	0	19
chr12	54459126	54460376	2	2	1	36	0	18
chr12	54460472	54462108	2	2	1	58	0	18
chr12	54462173	54462641	2	2	1	36	0	18
chr12	54462726	54463170	2	2	1	44	0	18
chr12	54463298	54465066	2	2	1	46	0	19
chr12	54465168	54471232	2	2	1	25	0	18
chr12	54471278	54473545	2	2	1	26	0	18
chr12	55727340	55728275	2	2	1	1	0	16
chr12	56155593	56157467	1	1	1	1	0	17
chr12	56158405	56158683	1	1	1	36	0	19
chr12	56158712	56159586	1	1	1	22	0	19
chr12	56159731	56159974	1	1	1	48	0	15
chr12	56160149	56160242	1	1	1	67	1	18
chr12	56160321	56160625	1	1	1	38	1	19
chr12	56160671	56161386	1	1	1	46	0	19
chr12	94994258	95002738	2	2	1	2	0	16
chr12	99053310	99084924	2	2	1	1	0	15
chr12	103934288	103937694	1	1	1	37	0	15
chr12	103937807	103938339	1	1	1	46	0	19
chr12	103938460	103939508	1	1	1	24	0	17
chr12	103939626	103941409	1	1	1	50	0	19
chr12	103941548	103941628	1	1	1	47	0	17
chr12	103941707	103941831	1	1	1	64	0	17
chr12	103941898	103942526	1	1	1	44	0	17
chr12	103942797	103943073	1	1	1	37	0	19
chr12	103943320	103943737	1	1	1	47	0	18
chr12	103943875	103946617	1	1	1	77	0	19
chr12	103946697	103946785	1	1	1	46	4	18
chr12	103946697	103947310	1	1	1	0	1	3
chr12	103946942	103947310	1	1	1	45	1	19
chr12	103947431	103947632	1	1	1	24	0	18
chr12	106992002	106992786	2	2	1	17	0	18
chr12	106992891	106992964	2	2	1	11	0	16
chr12	106993037	106997293	2	2	1	23	0	19
chr12	106997387	106997487	2	2	1	21	0	19
chr12	106997691	106997914	2	2	1	31	0	19
chr12	106998067	106999550	2	2	1	19	1	19
chr12	106999863	106999941	2	2	1	16	0	17
chr12	107000083	107001279	2	2	1	9	0	17
chr12	107001369	107001763	2	2	1	16	0	18
chr12	107001949	107005105	2	2	1	25	0	19
chr12	107005249	107022083	2	2	1	8	0	19
chr12	107022193	107092803	2	2	1	14	0	18
chr12	120438230	120438378	1	1	1	27	0	18
chr12	120438522	120440453	1	1	1	21	23	18
chr12	120444956	120446225	2	2	1	57	0	19
chr12	123590450	123596604	1	1	1	1	0	13
chr12	124912181	124913092	2	2	0	0	1	18
chr12	124912181	124913320	2	2	1	9	102	19
chr12	124912200	124913111	1	1	0	0	1	16
chr12	124912428	124913111	1	1	0	0	1	16
chr12	124912584	124913267	2	2	0	0	5	17
chr12	124912584	124913723	2	2	0	0	3	17
chr12	124912637	124913092	2	2	0	0	2	18
chr12	124912865	124913092	2	2	0	0	2	18
chr12	124913112	124913567	1	1	0	0	1	15
chr12	124913268	124913495	2	2	1	32	20	18
chr12	124913775	124914586	2	2	1	21	27	19
chr12	133081073	133081272	1	1	1	28	0	19
chr12	133081330	133083102	1	1	1	55	1	19
chr12	133081330	133083486	1	1	1	1	0	3
chr12	133081614	133083102	1	1	1	0	1	4
chr12	133083230	133083465	1	1	1	47	0	18
chr12	133083562	133100986	1	1	1	43	0	18
chr12	133101054	133105509	1	1	1	47	0	18
chr12	133101059	133105515	1	1	0	1	0	16
chr12	133106176	133106511	2	2	0	1	0	16
chr13	21140682	21140885	1	1	1	19	0	19
chr13	21140996	21146804	1	1	1	24	0	18
chr13	21146928	21147185	1	1	1	28	0	18
chr13	21155151	21155692	2	2	1	31	0	19
chr13	21155812	21157921	2	2	1	51	0	18
chr13	21158126	21159901	2	2	1	52	1	18
chr13	21159988	21161789	2	2	1	33	0	19
chr13	21161876	21167987	2	2	1	42	0	18
chr13	21168400	21172338	2	2	1	66	0	19
chr13	21172505	21172619	2	2	1	59	0	19
chr13	21172682	21176374	2	2	1	29	0	16
chr13	30461534	30462537	2	2	1	3	17	15
chr13	30462713	30463206	2	2	1	170	27	19
chr13	30463353	30463530	2	2	1	240	27	19
chr13	30463695	30465795	2	2	1	74	116	19
chr13	45337389	45338659	2	2	1	41	0	18
chr13	45338777	45339496	2	2	1	54	0	19
chr13	45339603	45339993	2	2	1	68	0	18
chr13	45340185	45340711	2	2	1	43	0	18
chr13	45340786	45341041	2	2	1	50	0	19
chr13	50930760	50934884	1	1	1	1	0	8
chr13	106559658	106567572	2	2	1	9	0	14
chr13	110615648	110622215	1	1	1	23	0	19
chr13	110622367	110624233	1	1	1	28	0	19
chr13	110624280	110625189	1	1	1	39	0	19
chr13	110625279	110627438	1	1	1	41	0	18
chr13	110627548	110634544	1	1	1	52	0	18
chr13	110634596	110634671	1	1	1	40	0	19
chr13	110634777	110635467	1	1	1	70	0	18
chr13	110635589	110637128	1	1	1	38	0	19
chr13	110637250	110638377	1	1	1	37	0	19
chr14	20801997	20802796	2	2	1	0	1	3
chr14	20802094	20802796	2	2	1	66	0	19
chr14	21017763	21017986	2	2	1	40	0	19
chr14	21018039	21018203	2	2	1	23	0	18
chr14	21018240	21018456	2	2	1	39	0	18
chr14	21018505	21018762	2	2	1	48	6	19
chr14	21018505	21018795	2	2	1	0	6	3
chr14	21018815	21019115	2	2	1	60	0	19
chr14	21019161	21019638	2	2	1	52	0	18
chr14	21019743	21019919	2	2	1	42	0	18
chr14	21019977	21020495	2	2	1	27	0	18
chr14	21020583	21020783	2	2	1	29	0	15
chr14	21020845	21020968	2	2	1	32	0	18
chr14	22565138	22575058	2	2	1	54	0	18
chr14	22575234	22588946	2	2	1	82	0	19
chr14	24143490	24143584	2	2	1	75	1	19
chr14	24143672	24143974	2	2	1	93	3	19
chr14	24144030	24144191	2	2	1	60	0	19
chr14	24144260	24144399	2	2	1	103	0	19
chr14	24144469	24145057	2	2	1	96	0	19
chr14	24145156	24145242	2	2	1	42	6	18
chr14	24145274	24145378	2	2	1	118	3	19
chr14	24145466	24145709	2	2	1	81	0	19
chr14	24145773	24146207	2	2	1	44	0	18
chr14	24146241	24146533	2	2	1	40	0	18
chr14	24217224	24218132	2	2	1	87	0	19
chr14	24218216	24218383	2	2	1	79	0	19
chr14	24218432	24232249	2	2	1	84	0	19
chr14	24443142	24444283	1	1	0	5	0	19
chr14	39175393	39176077	1	1	1	17	0	18
chr14	39176150	39176526	1	1	1	62	0	18
chr14	39176596	39177411	1	1	1	66	1	18
chr14	39177485	39177592	1	1	1	50	0	19
chr14	39177485	39177840	1	1	1	0	3	3
chr14	39177688	39177840	1	1	1	55	3	19
chr14	39177917	39179090	1	1	1	26	0	19
chr14	39179247	39179323	1	1	1	68	0	19
chr14	39179463	39180502	1	1	1	17	0	18
chr14	44899077	44899229	2	2	1	62	0	18
chr14	44899314	44911756	2	2	1	52	0	18
chr14	44911861	44912452	2	2	0	11	0	19
chr14	45120955	45121484	2	2	1	3	0	10
chr14	45121621	45129793	2	2	1	46	0	18
chr14	45129902	45130698	2	2	1	61	0	19
chr14	45130801	45134348	2	2	1	29	0	18
chr14	45247378	45253034	2	2	1	35	0	15
chr14	58244942	58247749	1	1	1	45	0	17
chr14	58247833	58252118	1	1	1	61	0	17
chr14	58252243	58257744	1	1	1	39	0	18
chr14	58257847	58257924	1	1	1	61	0	18
chr14	58257999	58260947	1	1	1	65	0	19
chr14	58257999	58260968	1	1	1	3	0	3
chr14	58261021	58263704	1	1	1	60	0	19
chr14	58263771	58267473	1	1	1	42	0	18
chr14	58267521	58270417	1	1	1	63	0	19
chr14	58270486	58270933	1	1	1	27	0	17
chr14	58270999	58271850	1	1	1	29	0	18
chr14	64388469	64400792	1	1	1	23	0	19
chr14	64400878	64411089	1	1	1	30	0	19
chr14	64411150	64412471	1	1	1	29	0	19
chr14	64412526	64415357	1	1	1	18	1	18
chr14	64415495	64415638	1	1	1	26	0	18
chr14	64415740	64417887	1	1	1	38	0	19
chr14	64418025	64419813	1	1	1	53	0	19
chr14	64419926	64424803	1	1	1	31	0	18
chr14	64424932	64425729	1	1	1	45	0	18
chr14	64425828	64426018	1	1	1	41	2	19
chr14	64426193	64427336	1	1	1	35	3	18
chr14	64427474	64430183	1	1	1	52	0	16
chr14	64430231	64431531	1	1	1	58	1	19
chr14	64431640	64431786	1	1	1	46	0	18
chr14	64431862	64435568	1	1	1	44	0	18
chr14	64435672	64439095	1	1	1	52	0	19
chr14	64439173	64440125	1	1	1	43	0	19
chr14	64440267	64441384	1	1	1	67	0	19
chr14	64441454	64442053	1	1	1	51	0	18
chr14	64442166	64442262	1	1	1	33	0	19
chr14	64442403	64444692	1	1	1	55	0	19
chr14	64444735	64448216	1	1	1	54	0	18
chr14	64448318	64449444	1	1	1	62	0	18
chr14	64449623	64453753	1	1	1	43	2	19
chr14	64453862	64454722	1	1	1	56	0	17
chr14	64454876	64458213	1	1	1	40	0	19
chr14	64458308	64459758	1	1	1	31	1	16
chr14	64458660	64459758	1	1	1	0	1	3
chr14	68790493	68792881	2	2	1	32	0	19
chr14	74480289	74480701	2	2	1	83	0	19
chr14	74480780	74484414	2	2	1	81	0	18
chr14	74484588	74486328	2	2	1	75	0	19
chr14	74486437	74493192	2	2	1	45	0	19
chr14	75135007	75135759	2	2	1	64	0	19
chr14	75135887	75147663	2	2	1	47	1	19
chr14	75147738	75147832	2	2	1	0	1	3
chr14	75147738	75152031	2	2	1	40	1	19
chr14	75152144	75176354	2	2	1	31	0	16
chr14	102084999	102085297	2	2	1	55	1	18
chr14	102085432	102085757	2	2	1	102	0	19
chr14	102086125	102086216	2	2	1	87	0	19
chr14	102086379	102086985	2	2	1	71	3	19
chr15	39585564	39587346	1	1	1	1	0	3
chr15	43746707	43753823	1	1	1	4	3	18
chr15	43753903	43756648	1	1	1	21	13	18
chr15	43756767	43761423	1	1	1	23	3	17
chr15	43761532	43763076	1	1	1	29	13	19
chr15	43763207	43765449	1	1	1	27	1	19
chr15	43765567	43765886	1	1	1	20	18	18
chr15	43766013	43766727	1	1	1	44	11	18
chr15	43766911	43768488	1	1	1	47	0	19
chr15	43768598	43769517	1	1	1	33	21	18
chr15	43769647	43770249	1	1	1	34	3	18
chr15	43770330	43770522	1	1	1	56	0	19
chr15	43770581	43771104	1	1	1	23	0	19
chr15	43792384	43792974	1	1	1	8	0	10
chr15	43793084	43793709	1	1	1	25	0	18
chr15	44711604	44715545	1	3	1	8	6	5
chr15	44711614	44715422	1	1	1	458	0	19
chr15	44714549	44717606	1	1	1	1	0	5
chr15	44715702	44716328	1	1	1	477	0	19
chr15	44716357	44717606	1	1	1	334	0	19
chr15	44717792	44717843	1	1	1	21	2	7
chr15	49033101	49035333	2	2	1	24	0	18
chr15	49035659	49037590	2	2	1	39	0	19
chr15	49037770	49046275	2	2	1	27	0	19
chr15	49621194	49625112	1	1	1	55	1	18
chr15	49625432	49632158	1	1	1	61	0	19
chr15	49625432	49632170	1	1	1	1	0	4
chr15	49632303	49634535	1	1	1	48	4	19
chr15	49634795	49643330	1	1	1	36	0	18
chr15	60347690	60349074	2	2	1	124	2	18
chr15	60349198	60351192	2	2	1	29	14	18
chr15	60351252	60351723	2	2	1	25	0	14
chr15	60355999	60357145	2	2	1	0	1	12
chr15	63154061	63155620	2	2	1	33	0	17
chr15	63155732	63156412	2	2	1	31	0	17
chr15	63156522	63157399	2	2	1	28	0	17
chr15	64156146	64156724	2	2	1	61	0	19
chr15	64156910	64160103	2	2	1	45	0	18
chr15	64160198	64162040	2	2	1	53	0	18
chr15	64162155	64162851	2	2	1	30	0	18
chr15	64366076	64376742	2	2	1	49	0	18
chr15	64376906	64380957	2	2	1	29	1	19
chr15	64376906	64381325	2	2	1	0	1	4
chr15	64381039	64381325	2	2	1	50	0	18
chr15	66500177	66500292	2	2	1	47	0	18
chr15	66500377	66500948	2	2	1	38	8	18
chr15	66501106	66501374	2	2	1	42	12	19
chr15	66501505	66501787	2	2	1	53	3	18
chr15	66501505	66502611	2	2	1	0	2	3
chr15	66501913	66502611	2	2	1	33	33	19
chr15	66502751	66503057	2	2	1	46	5	17
chr15	66503165	66503357	2	2	1	68	1	19
chr15	66503530	66504787	2	2	1	30	3	19
chr15	74850674	74851352	2	2	1	6	1	18
chr15	74851482	74852068	2	2	1	9	0	19
chr15	74852187	74854020	2	2	1	6	0	11
chr15	74854120	74854580	2	2	1	1	0	4
chr15	74854650	74872923	2	2	1	0	1	3
chr15	74854650	74873198	2	2	1	7	1	17
chr15	74920443	74923647	2	2	1	33	0	18
chr15	74923771	74926765	2	2	1	50	1	18
chr15	74926888	74929115	2	2	1	59	0	18
chr15	74929233	74937914	2	2	1	23	0	18
chr15	82372417	82372497	2	2	1	0	9	3
chr15	82536882	82538305	2	2	1	32	7	18
chr15	82538372	82538879	2	2	1	49	1	19
chr15	82538986	82539980	2	2	1	41	0	19
chr15	82540133	82540425	2	2	1	28	0	18
chr15	90966654	90969523	2	2	1	43	0	19
chr15	90969624	90970403	2	2	1	39	1	19
chr15	90969624	90974135	2	2	1	0	1	3
chr15	90970515	90974135	2	2	1	46	0	17
chr15	90974247	90974584	2	2	1	27	0	19
chr15	90974732	90976675	2	2	1	38	0	19
chr15	90976772	90979157	2	2	1	25	0	18
chr15	90979295	90980241	2	2	1	51	0	18
chr15	90980390	90980883	2	2	1	42	0	19
chr15	90981034	90981498	2	2	1	36	0	18
chr15	90981670	90981747	2	2	1	25	0	18
chr15	90981982	90984017	2	2	1	23	3	16
chr15	90981982	90984692	2	2	1	0	1	3
chr15	90982027	90984017	2	2	1	0	3	3
chr15	90984141	90984692	2	2	1	38	2	19
chr15	90984826	90994406	2	2	1	26	0	19
chr15	101281783	101284966	2	2	1	60	0	19
chr15	101285061	101285725	2	2	1	48	0	19
chr15	101285802	101286213	2	2	1	10	25	19
chr15	101286294	101286907	2	2	1	39	5	19
chr16	1962271	1962496	2	2	1	26	1	19
chr16	1962657	1962735	2	2	1	26	2	19
chr16	1962657	1963148	2	2	1	0	2	4
chr16	2772103	2775450	2	2	1	1	0	14
chr16	4461960	4463419	2	4	1	0	3	6
chr16	4461960	4463659	2	2	1	47	3	18
chr16	4463851	4466152	2	2	1	47	1	18
chr16	4466403	4469226	2	2	1	0	3	3
chr16	4466403	4469503	2	2	1	29	3	19
chr16	4469699	4474092	2	2	1	5	2	3
chr16	4469699	4474553	2	2	0	0	7	18
chr16	14599961	14604145	2	2	1	1	0	10
chr16	28390982	28391751	2	2	1	0	1	18
chr16	28723552	28724321	1	1	1	0	1	18
chr16	29453733	29454015	2	2	1	0	10	16
chr16	29454114	29454190	2	2	1	0	10	19
chr16	29798748	29798974	1	1	1	1	0	9
chr16	30193075	30193357	2	2	1	0	10	16
chr16	30193456	30193532	2	2	1	0	10	19
chr16	30535481	30536428	1	1	1	25	0	18
chr16	31184003	31184208	1	1	1	7	0	16
chr16	31184397	31184938	1	1	1	10	0	19
chr16	31185180	31186801	1	1	1	40	0	19
chr16	31186837	31188324	1	1	1	32	0	17
chr16	31188358	31189122	1	1	1	53	0	19
chr16	31189227	31189664	1	1	1	83	0	19
chr16	31189795	31190039	1	1	1	66	0	19
chr16	31190142	31190274	1	1	1	64	0	18
chr16	31190399	31190741	1	1	1	43	0	19
chr16	31190843	31190962	1	1	1	34	0	16
chr16	31191111	31191398	1	1	1	29	0	18
chr16	57172373	57172775	2	2	1	1	0	15
chr16	75566521	75566851	1	1	1	36	1	19
chr16	75566908	75568036	1	1	1	28	1	19
chr16	75568210	75577278	1	1	1	56	0	19
chr16	80976180	80981805	2	2	1	22	0	15
chr16	80981878	80997313	2	2	1	40	0	19
chr16	80997430	81006733	2	2	1	12	0	19
chr16	83808122	83808679	1	1	1	60	0	18
chr16	83808747	83809304	1	5	1	43	0	19
chr16	83809426	83811420	1	1	1	35	0	18
chr16	85799753	85801204	1	1	1	23	0	19
chr16	85801279	85804936	1	1	1	74	0	19
chr16	85805105	85805732	1	1	1	68	0	19
chr16	85805865	85806737	1	1	1	67	0	18
chr16	88877276	88879269	2	2	1	28	0	19
chr16	88879461	88880719	2	2	1	25	0	19
chr16	88880789	88881290	2	2	1	28	0	17
chr16	89560713	89560939	1	1	1	18	0	19
chr16	89561064	89561226	1	1	1	53	1	18
chr16	89561369	89561577	1	1	1	56	13	18
chr16	89561752	89562334	1	1	1	43	50	19
chr16	89562392	89562883	1	1	1	96	0	19
chr16	89686798	89689251	1	1	1	28	0	19
chr16	89689325	89690552	1	1	1	53	0	18
chr16	89690625	89691442	1	1	1	49	0	18
chr16	89691546	89691805	1	1	1	46	0	19
chr16	89691888	89692448	1	1	1	57	0	18
chr16	89692517	89693273	1	1	1	64	1	19
chr16	89693327	89693397	1	1	1	59	0	17
chr16	89693468	89694172	1	1	1	73	1	18
chr16	89694233	89694664	1	1	1	40	2	19
chr16	89694233	89694930	1	1	1	0	2	3
chr16	89694789	89694930	1	1	1	44	0	19
chr16	89695071	89695292	1	1	1	55	0	19
chr16	89695346	89695594	1	1	1	29	0	17
chr17	782693	783082	1	1	1	75	0	18
chr17	783328	787964	1	1	1	45	0	18
chr17	788133	791533	1	1	1	47	0	19
chr17	1345500	1354210	2	2	1	56	0	19
chr17	1354348	1361091	2	2	1	41	2	19
chr17	1354348	1364858	2	2	1	0	1	4
chr17	1361299	1361901	2	2	1	78	6	19
chr17	1362009	1364858	2	2	1	42	2	19
chr17	1365059	1400046	2	2	1	38	0	18
chr17	4477573	4478571	1	1	0	12	0	19
chr17	4478638	4486227	1	1	1	19	0	18
chr17	4486327	4486411	1	1	1	45	0	16
chr17	4486584	4487805	1	1	1	52	0	19
chr17	4734480	4734582	2	2	1	7	0	18
chr17	4734653	4735091	2	2	1	11	0	16
chr17	4735509	4738407	2	2	1	11	0	19
chr17	4738491	4738781	2	2	1	5	0	18
chr17	4738921	4739260	2	2	1	2	0	15
chr17	4796297	4796727	1	1	1	7	0	14
chr17	4796796	4797437	1	1	1	17	0	16
chr17	4797570	4797681	1	1	1	23	0	17
chr17	4797570	4797716	1	1	1	1	0	5
chr17	4797812	4798008	1	1	1	41	0	19
chr17	4798154	4798279	1	1	1	22	0	18
chr17	4940361	4940486	1	1	1	10	1	17
chr17	4940361	4940872	1	1	1	0	1	3
chr17	4940727	4940872	1	1	1	17	0	19
chr17	4940994	4941076	1	1	1	5	0	11
chr17	4941158	4942340	1	1	1	19	0	19
chr17	4942467	4942576	1	1	1	12	0	18
chr17	4942665	4942850	1	1	1	28	0	18
chr17	4942942	4943178	1	1	1	28	0	19
chr17	4943285	4943425	1	1	1	19	0	17
chr17	4943520	4944557	1	1	1	36	0	19
chr17	4944639	4944714	1	1	1	22	0	19
chr17	4945998	4946627	2	2	1	81	2	19
chr17	4946821	4948262	2	2	1	66	0	19
chr17	4948556	4948943	2	2	1	30	0	6
chr17	7223876	7223967	1	1	1	23	0	19
chr17	7224070	7224145	1	1	1	47	0	18
chr17	7224244	7224320	1	1	1	42	0	17
chr17	7224394	7224479	1	1	1	24	0	19
chr17	7224553	7224641	1	1	1	60	0	19
chr17	7224715	7224808	1	1	1	61	0	19
chr17	7224885	7224956	1	1	1	29	0	19
chr17	8377693	8379795	2	2	1	11	7	16
chr17	8379937	8382142	2	2	1	9	5	16
chr17	8382316	8383156	2	2	1	7	0	18
chr17	16381185	16381901	1	1	1	38	22	19
chr17	16382112	16382567	2	2	0	0	1	17
chr17	16382131	16382358	1	1	1	112	25	18
chr17	16382340	16382567	2	2	0	0	1	17
chr17	16382511	16382567	2	2	1	0	2	4
chr17	18798944	18804137	1	1	1	1	0	17
chr17	21917044	21955781	1	1	0	0	1	14
chr17	22204752	22204979	2	2	0	0	1	17
chr17	28720031	28720706	1	1	1	12	11	16
chr17	28720891	28722722	1	1	1	10	21	18
chr17	28722900	28723570	1	1	1	28	6	19
chr17	28748667	28748944	1	1	1	14	0	19
chr17	35587429	35594007	1	1	1	1	0	9
chr17	37621278	37621397	2	2	1	1	0	11
chr17	38850476	38852603	2	2	1	1	0	18
chr17	38853106	38853697	2	2	1	1	0	11
chr17	41505188	41518461	2	2	0	0	1	17
chr17	41505188	41527956	2	2	0	0	1	17
chr17	41523998	41524142	2	2	1	133	0	19
chr17	41524269	41524378	2	2	1	64	0	19
chr17	41524541	41524842	2	2	1	115	0	19
chr17	41525000	41525190	2	2	1	98	0	19
chr17	41525274	41527827	2	2	1	169	0	19
chr17	42562220	42562355	1	1	1	8	0	18
chr17	42562488	42562611	1	1	1	13	0	16
chr17	42563323	42563960	1	1	1	53	0	19
chr17	42564176	42564445	1	1	1	35	0	19
chr17	42564578	42564708	1	1	1	54	0	18
chr17	42564899	42564982	1	1	1	41	0	19
chr17	42565048	42565226	1	1	1	45	0	19
chr17	42565312	42565470	1	1	1	31	0	19
chr17	42565569	42565658	1	1	1	59	0	19
chr17	42565806	42565905	1	1	1	41	0	19
chr17	42573025	42573106	2	2	1	48	0	19
chr17	42573167	42573310	2	2	1	64	0	19
chr17	42573365	42573477	2	2	1	80	0	18
chr17	42573624	42574098	2	2	1	39	0	19
chr17	42574211	42577212	2	2	1	37	0	19
chr17	42577303	42577460	2	2	1	29	0	18
chr17	42577562	42577652	2	2	1	30	0	18
chr17	42773529	42773732	1	1	1	68	0	19
chr17	42773879	42774645	1	1	1	65	0	18
chr17	42774700	42775380	1	1	1	110	0	17
chr17	42775470	42776244	1	1	1	95	0	18
chr17	42776321	42778956	1	1	1	90	0	18
chr17	42998472	42998748	1	1	1	20	0	18
chr17	42998832	42999932	1	1	1	24	1	19
chr17	43000103	43002672	1	1	1	49	0	19
chr17	43002784	43002871	1	1	1	28	2	19
chr17	44223171	44230711	1	1	0	0	1	13
chr17	47676492	47677019	1	1	1	1	0	12
chr17	48892841	48893408	1	1	1	29	1	18
chr17	48893457	48894371	1	1	1	29	0	19
chr17	48894450	48895155	1	1	1	46	0	19
chr17	48895335	48895654	1	1	1	32	0	17
chr17	49133220	49141246	1	1	1	13	0	3
chr17	49133419	49141246	1	1	0	39	0	19
chr17	49141448	49142034	1	1	1	39	0	19
chr17	50368299	50370031	2	2	1	50	2	17
chr17	50370100	50370454	2	2	1	47	0	19
chr17	50370587	50373130	2	2	1	25	0	19
chr17	51153663	51155650	1	1	1	33	0	19
chr17	51155781	51159979	1	1	1	26	0	18
chr17	51160082	51161159	1	1	1	49	0	19
chr17	51161273	51161727	1	1	1	65	0	19
chr17	51166498	51166826	1	1	1	22	0	19
chr17	51166957	51168241	1	1	1	26	0	18
chr17	51168344	51169936	1	1	1	34	0	19
chr17	51170050	51171486	1	1	1	28	2	19
chr17	59573968	59574187	1	1	1	1	0	18
chr17	59577366	59579471	1	1	1	1	0	9
chr17	63746962	63751939	2	2	1	40	0	17
chr17	63752108	63752319	2	2	1	40	0	17
chr17	63752430	63752740	2	2	1	48	0	19
chr17	63752800	63754432	2	2	1	28	0	19
chr17	63754519	63756239	2	2	1	58	0	19
chr17	63756351	63756468	2	2	1	37	0	19
chr17	63756571	63760913	2	2	1	34	0	19
chr17	63760980	63761229	2	2	1	44	0	18
chr17	63761352	63764015	2	2	1	36	0	17
chr17	63764191	63764739	2	2	1	45	0	19
chr17	63764848	63765911	2	2	1	41	0	18
chr17	63832992	63833068	2	2	1	30	0	17
chr17	63833171	63833297	2	2	1	54	0	18
chr17	63833171	63833586	2	2	1	0	4	3
chr17	63833421	63833586	2	2	1	53	4	19
chr17	63833723	63833908	2	2	1	75	0	18
chr17	63834007	63834166	2	2	1	35	2	17
chr17	63834329	63834473	2	2	1	47	0	17
chr17	63834576	63834704	2	2	1	45	0	18
chr17	63834801	63835411	2	2	1	36	0	19
chr17	63835568	63836921	2	2	1	29	0	18
chr17	65541558	65549519	2	2	1	1	0	17
chr17	67357579	67366411	2	2	1	1	0	17
chr17	68528992	68529919	1	1	1	1	0	10
chr17	74203746	74203917	1	1	1	23	0	17
chr17	74203959	74204129	1	1	1	12	0	18
chr17	74204191	74209186	1	1	1	13	0	17
chr17	74209310	74209803	1	1	1	13	0	18
chr17	75261984	75262496	1	1	1	40	0	19
chr17	75262689	75262803	1	1	1	51	0	18
chr17	75262868	75263339	1	1	1	65	0	18
chr17	75263508	75265701	1	1	1	40	0	19
chr17	75778724	75778809	2	2	1	267	5	19
chr17	75778883	75779661	2	2	1	3	1	5
chr17	75778964	75779046	2	2	1	341	0	19
chr17	75779185	75779656	2	2	1	155	13	19
chr17	75889186	75889850	1	3	0	3	0	18
chr17	76718861	76720359	2	2	1	42	0	19
chr17	76720499	76721797	2	2	1	42	0	17
chr17	76721934	76723771	2	2	1	46	1	19
chr17	76724059	76725466	2	2	1	37	0	16
chr17	76725856	76726346	2	2	1	35	0	19
chr17	81888146	81888240	2	2	1	33	0	19
chr17	81888419	81888519	2	2	1	51	0	18
chr17	81888584	81889181	2	2	1	47	2	18
chr17	81889330	81890688	2	2	1	27	3	17
chr18	3247910	3253232	1	1	1	12	5	19
chr18	3253429	3253888	1	1	1	38	6	19
chr18	3254051	3255745	1	1	1	43	2	18
chr18	3262238	3272883	1	1	1	38	0	19
chr18	3273083	3277252	1	1	1	87	7	18
chr18	3277415	3277764	1	1	1	71	7	18
chr18	9914336	9931809	1	1	1	25	3	18
chr18	9931963	9936109	1	1	1	41	13	18
chr18	9936214	9936985	1	1	1	62	0	18
chr18	9937067	9950394	1	1	1	46	0	18
chr18	9950569	9954052	1	1	1	19	1	16
chr18	34977080	35005491	1	1	1	16	0	19
chr18	35005554	35070194	1	1	1	19	0	16
chr18	35070323	35097445	1	1	1	30	0	19
chr18	35097592	35101945	1	1	1	47	0	19
chr18	35102160	35126947	1	1	1	36	1	19
chr18	35127088	35132031	1	1	1	50	0	18
chr18	35132191	35140294	1	1	1	35	0	19
chr18	36829197	36834319	1	1	1	15	0	17
chr18	36834356	36835233	1	1	1	54	1	18
chr18	36835377	36844207	1	1	1	57	2	19
chr18	36835377	36885556	1	1	1	0	2	3
chr18	36844303	36885556	1	1	1	69	4	19
chr18	46084364	46084503	2	2	1	52	0	18
chr18	46084655	46086112	2	2	1	72	4	18
chr18	46086258	46086386	2	2	1	33	0	19
chr18	46086495	46087007	2	2	1	52	1	19
chr18	46087233	46087340	2	2	1	50	0	18
chr18	46087493	46088108	2	2	1	52	0	19
chr18	46088258	46089565	2	2	1	50	1	19
chr18	46089733	46089822	2	2	1	40	0	19
chr18	46089997	46091681	2	2	1	41	0	19
chr18	46091852	46095052	2	2	1	51	0	17
chr18	46095124	46104136	2	2	1	1	0	4
chr18	46095132	46098171	2	2	1	30	0	19
chr18	49488567	49489358	2	2	1	16	0	17
chr18	49489551	49490453	2	2	1	19	21	19
chr18	49490553	49490792	2	2	1	39	7	18
chr18	49490928	49491351	2	2	1	0	1	3
chr18	49490928	49491404	2	2	1	33	13	18
chr18	49491446	49491531	2	2	1	26	6	18
chr18	49491585	49492257	2	2	1	0	5	3
chr18	49491585	49492457	2	2	1	18	5	12
chr18	59900236	59902646	1	1	1	34	0	17
chr19	1438429	1438806	1	1	1	13	45	19
chr19	1438893	1440018	1	1	1	80	0	18
chr19	1598216	1599411	2	2	1	18	4	19
chr19	1598327	1599411	2	2	1	0	2	3
chr19	1599561	1602293	2	2	1	0	1	3
chr19	1599561	1605359	2	2	1	14	2	19
chr19	2269745	2271384	1	1	1	60	0	19
chr19	2271531	2271781	1	1	1	139	0	18
chr19	2271955	2272734	1	1	1	63	0	19
chr19	2272821	2272971	1	1	1	54	0	18
chr19	3980067	3980513	2	2	1	1	0	7
chr19	4218164	4219590	1	1	1	0	2	3
chr19	5611631	5612539	2	2	1	0	1	7
chr19	5623395	5626404	1	1	1	42	0	19
chr19	5626490	5641593	1	1	1	47	0	18
chr19	5641659	5641739	1	1	1	47	0	18
chr19	5641947	5645336	1	1	1	70	0	18
chr19	5645400	5648015	1	1	1	53	0	18
chr19	5648044	5648988	1	1	1	20	1	18
chr19	8892965	8902172	1	1	0	0	1	15
chr19	8892965	8905019	1	1	0	0	1	15
chr19	8892965	8907835	1	1	0	0	1	15
chr19	8892965	8910452	1	1	0	0	1	15
chr19	8892965	8915589	1	1	0	0	1	15
chr19	8892965	8923008	1	1	0	0	1	15
chr19	8896091	8896810	2	2	1	3	0	18
chr19	8896877	8897132	2	2	1	25	0	19
chr19	8897169	8897496	2	2	1	10	0	19
chr19	8897670	8898590	2	2	1	27	0	16
chr19	8898324	8910088	2	2	0	0	2	16
chr19	8898659	8898911	2	2	1	1	5	19
chr19	8901860	8902097	2	2	1	0	1	15
chr19	8905070	8905983	2	2	1	4	6	18
chr19	8907189	8910088	2	2	0	0	2	16
chr19	8909829	8910088	2	2	0	0	1	16
chr19	8910157	8910377	2	2	1	2	7	15
chr19	9827985	9828326	1	1	1	10	0	18
chr19	9828394	9828591	1	1	1	25	0	16
chr19	9828676	9828836	1	1	1	25	0	19
chr19	9828875	9829964	1	1	1	34	0	19
chr19	9835403	9838435	1	1	1	23	0	19
chr19	9838649	9848029	1	1	1	45	0	19
chr19	9848141	9849089	1	1	1	22	0	17
chr19	9849196	9849532	1	1	1	5	0	3
chr19	9849202	9849532	1	1	1	1	0	3
chr19	10115130	10115478	2	2	1	36	0	19
chr19	10115586	10115683	2	2	1	43	0	18
chr19	10115821	10115966	2	2	1	39	0	19
chr19	10116075	10116799	2	2	1	69	0	19
chr19	10116990	10117083	2	2	1	39	0	19
chr19	10117189	10118667	2	2	1	32	0	19
chr19	10118728	10118867	2	2	1	64	0	19
chr19	10118957	10119066	2	2	1	0	4	11
chr19	10118957	10119087	2	2	1	15	4	17
chr19	10119172	10119653	2	2	1	21	0	19
chr19	10119701	10119839	2	2	1	28	0	18
chr19	10166686	10168329	2	2	1	25	0	17
chr19	10168365	10173089	2	2	1	19	0	18
chr19	10173175	10173870	2	2	1	27	0	19
chr19	10173906	10175539	2	2	1	39	0	19
chr19	10175619	10177291	2	2	1	42	0	19
chr19	10177368	10180349	2	2	1	43	0	19
chr19	10180570	10180777	2	2	1	37	0	18
chr19	10180886	10182040	2	2	1	31	0	18
chr19	10182078	10194819	2	2	1	20	0	17
chr19	11030894	11033289	1	1	1	9	0	19
chr19	11033518	11034122	1	1	1	40	0	17
chr19	11034201	11034913	1	1	1	44	0	17
chr19	11035133	11041306	1	1	1	58	1	18
chr19	11039554	11041306	1	1	1	0	1	3
chr19	11041561	11058254	1	1	1	0	2	3
chr19	11041561	11058257	1	1	1	51	2	18
chr19	11058364	11059752	1	1	1	68	0	18
chr19	11059886	11060044	1	1	1	25	0	17
chr19	11060188	11061783	1	1	1	49	0	18
chr19	11435707	11436040	1	1	1	2	0	18
chr19	11436506	11437875	1	1	1	1	0	3
chr19	11437972	11438066	1	1	1	1	0	17
chr19	11441358	11442385	1	1	1	2	0	15
chr19	11442516	11445388	1	1	1	1	0	6
chr19	11445474	11446271	1	1	1	1	0	14
chr19	11446351	11447073	1	1	1	2	0	12
chr19	11448292	11448539	1	1	1	1	0	19
chr19	11448630	11448913	1	1	1	1	0	10
chr19	11448989	11449075	1	1	1	1	0	14
chr19	11449176	11449265	1	1	1	2	0	10
chr19	11449429	11450645	1	1	1	1	0	3
chr19	12797167	12799858	2	2	1	45	0	18
chr19	12799990	12800176	2	2	1	66	0	18
chr19	12800300	12800915	2	2	1	40	0	18
chr19	12801070	12801158	2	2	1	56	0	19
chr19	12801271	12801739	2	2	1	32	0	17
chr19	12876364	12878381	2	2	1	8	0	18
chr19	12878580	12878669	2	2	1	10	0	19
chr19	12878835	12880801	2	2	1	14	0	18
chr19	12880881	12880971	2	2	1	8	0	18
chr19	12881153	12881289	2	2	1	5	0	11
chr19	12922649	12924680	2	4	1	0	6	3
chr19	12922887	12924150	2	2	1	41	0	18
chr19	12924266	12924448	2	2	1	47	0	18
chr19	12924527	12924638	2	2	1	40	0	18
chr19	12924808	12924903	2	2	1	37	1	19
chr19	12925004	12925089	2	2	1	44	2	18
chr19	12925175	12928341	2	2	1	36	0	18
chr19	12928458	12928534	2	2	1	43	0	18
chr19	12928664	12928754	2	2	1	39	1	19
chr19	12928848	12930222	2	2	1	34	0	19
chr19	12930342	12930428	2	2	1	56	0	18
chr19	12930528	12930611	2	2	1	60	0	19
chr19	12930750	12933549	2	2	1	28	0	19
chr19	12940148	12940242	1	1	1	1	0	9
chr19	12940453	12940540	1	1	1	1	0	14
chr19	12944224	12944323	2	2	1	15	4	7
chr19	13774575	13774651	1	1	1	23	0	17
chr19	13774708	13778051	1	1	1	30	0	19
chr19	16089121	16093535	1	1	1	1	0	15
chr19	17859975	17861292	1	1	1	2	14	18
chr19	17861473	17862093	1	1	1	34	20	19
chr19	17862224	17862917	1	1	1	15	16	18
chr19	17863028	17863170	1	1	1	10	5	17
chr19	18571888	18573292	1	1	1	17	0	17
chr19	18573404	18573661	1	1	1	32	1	18
chr19	18573749	18574869	1	1	1	44	0	19
chr19	18574973	18575056	1	1	1	26	0	19
chr19	18899727	18899872	2	2	1	21	0	15
chr19	18899948	18900380	2	2	1	18	0	17
chr19	18900450	18903267	2	2	1	15	0	16
chr19	19516333	19526181	1	1	1	31	0	17
chr19	19526261	19527280	1	1	1	51	0	18
chr19	19527353	19527700	1	1	1	48	0	18
chr19	19527771	19528006	1	1	1	46	0	18
chr19	33081267	33088133	1	1	1	33	0	17
chr19	33088269	33090779	1	1	1	51	0	19
chr19	33090866	33093358	1	1	1	44	0	18
chr19	33093520	33094171	1	1	1	43	0	19
chr19	33094270	33095761	1	1	1	70	0	17
chr19	33095821	33096206	1	1	1	48	0	18
chr19	33096447	33097754	1	1	1	53	0	19
chr19	33097903	33101494	1	1	1	51	0	18
chr19	33101575	33106694	1	1	1	42	0	19
chr19	33106900	33109716	1	1	1	59	0	18
chr19	33110017	33111723	1	1	1	67	0	18
chr19	33111903	33112485	1	1	1	39	0	19
chr19	33112614	33113766	1	1	1	31	0	19
chr19	33113904	33114252	1	1	1	17	0	18
chr19	35116360	35119167	1	1	1	19	9	18
chr19	35116360	35119362	1	1	1	64	9	18
chr19	35119252	35119362	1	1	1	16	0	18
chr19	35119417	35121077	1	1	1	64	0	17
chr19	35121111	35121221	1	1	1	87	2	18
chr19	35121246	35122764	1	1	1	122	2	19
chr19	35122840	35122917	1	1	1	91	1	19
chr19	35122955	35123270	1	1	1	76	1	19
chr19	35123309	35123440	1	1	1	121	0	19
chr19	35154810	35155550	1	1	1	22	0	16
chr19	35155612	35157420	1	1	1	43	0	19
chr19	35157502	35158343	1	1	1	43	1	18
chr19	35157618	35158343	1	1	1	0	1	3
chr19	35158401	35160708	1	1	1	36	0	19
chr19	35160802	35164155	1	1	1	41	1	19
chr19	35164246	35166141	1	1	1	46	0	19
chr19	35166172	35166250	1	1	1	45	0	19
chr19	35166326	35169565	1	1	1	39	0	18
chr19	35249132	35250314	1	1	1	18	0	18
chr19	35250660	35258944	1	1	1	13	0	17
chr19	35259065	35266358	1	1	1	7	0	13
chr19	35266533	35266678	1	1	1	1	0	8
chr19	35497539	35497646	2	2	1	43	2	17
chr19	35497539	35498597	2	2	1	0	2	3
chr19	35497682	35498715	2	2	1	55	0	18
chr19	35498764	35498873	2	2	1	56	0	19
chr19	35498898	35499957	2	2	1	58	0	19
chr19	35500030	35500377	2	2	1	40	0	18
chr19	35500420	35500532	2	2	1	31	0	19
chr19	35500581	35502135	2	2	1	53	1	19
chr19	35502184	35502829	2	2	1	69	0	18
chr19	35502887	35505717	2	2	1	22	1	18
chr19	35505766	35505938	2	2	1	38	0	19
chr19	35505987	35509910	2	2	1	21	0	18
chr19	35509962	35510183	2	2	1	32	0	18
chr19	35510253	35510378	2	2	1	30	0	18
chr19	35545817	35545887	1	1	1	44	0	19
chr19	35545958	35546525	1	1	1	41	0	18
chr19	35546586	35546671	1	1	1	62	0	18
chr19	35546809	35546944	1	1	1	52	0	19
chr19	35547030	35547118	1	1	1	55	0	16
chr19	35547241	35547323	1	1	1	44	0	18
chr19	35648404	35651232	1	1	1	33	0	19
chr19	35651350	35654570	1	1	1	25	0	17
chr19	35651350	35658593	1	1	1	0	2	4
chr19	35654672	35658593	1	1	1	26	2	19
chr19	36003521	36005332	2	2	1	38	0	19
chr19	36005438	36006422	2	2	1	0	2	3
chr19	36005438	36008216	2	2	1	0	2	3
chr19	36005438	36008553	2	2	1	28	2	19
chr19	36008692	36009258	2	2	1	1	0	5
chr19	38374962	38376159	1	1	1	22	1	18
chr19	38375510	38376159	1	1	1	0	1	3
chr19	38376233	38376351	1	1	1	37	0	17
chr19	38376455	38379239	1	1	1	54	0	18
chr19	38379406	38380898	1	1	1	65	0	19
chr19	38381000	38382116	1	1	1	53	0	19
chr19	38382229	38383252	1	1	1	54	0	19
chr19	38619328	38624076	1	1	1	1	0	4
chr19	38620436	38624076	1	1	1	38	0	19
chr19	38624198	38626027	1	1	1	50	0	19
chr19	38626103	38632429	1	1	1	50	0	18
chr19	38632497	38632600	1	1	1	57	0	19
chr19	38632679	38634992	1	1	1	42	0	19
chr19	38635119	38636888	1	1	1	31	0	18
chr19	38727104	38727945	1	1	1	24	0	18
chr19	38728027	38728995	1	1	1	30	2	18
chr19	38729155	38729273	1	1	1	41	0	19
chr19	38815718	38815856	2	2	1	51	0	19
chr19	38816008	38816283	2	2	1	38	0	17
chr19	38816356	38816452	2	2	1	34	0	19
chr19	38816524	38817064	2	2	1	46	0	18
chr19	38817130	38817315	2	2	1	53	0	18
chr19	38817365	38817450	2	2	1	51	0	19
chr19	38817576	38831077	2	2	1	51	13	19
chr19	38831167	38831308	2	2	1	53	0	18
chr19	38831517	38831720	2	2	1	31	2	18
chr19	38930999	38931275	1	1	1	18	0	18
chr19	38931344	38932332	1	1	1	33	0	18
chr19	41305868	41306448	1	1	1	13	0	19
chr19	41479285	41495301	2	2	1	8	0	17
chr19	41495428	41500583	2	2	1	15	0	19
chr19	41860290	41860774	1	1	1	20	0	16
chr19	41860846	41861111	1	1	1	20	0	19
chr19	41861213	41869030	1	1	1	33	3	18
chr19	41861561	41869030	1	3	1	0	3	3
chr19	41869215	41869698	1	1	1	29	1	17
chr19	41869754	41871350	1	1	1	40	1	19
chr19	43543506	43543611	2	2	1	27	0	16
chr19	43543688	43544143	2	2	1	41	0	19
chr19	43544235	43545817	2	2	1	33	0	18
chr19	43545958	43546051	2	2	1	40	0	19
chr19	43546107	43546594	2	2	1	52	0	18
chr19	43546728	43546883	2	2	1	15	0	19
chr19	43552909	43552981	2	2	1	15	0	17
chr19	44892461	44892836	1	1	1	20	2	17
chr19	44892930	44893779	1	1	1	27	3	18
chr19	44893882	44893960	1	1	1	30	6	19
chr19	44894067	44900729	1	1	1	29	4	17
chr19	44900853	44901027	1	1	1	36	4	18
chr19	44901105	44901207	1	1	1	33	3	19
chr19	44901311	44903029	1	1	1	11	3	16
chr19	47778815	47780724	1	1	1	35	0	19
chr19	47780750	47780863	1	1	1	36	1	18
chr19	47780918	47781107	1	1	1	39	0	19
chr19	47781183	47781289	1	1	1	46	0	19
chr19	47781389	47784289	1	1	1	49	0	19
chr19	47781389	47784405	1	1	1	1	0	4
chr19	48965610	48965769	1	1	1	136	12	19
chr19	48965917	48966280	1	1	1	137	0	18
chr19	48966407	48966582	1	1	1	117	3	18
chr19	49487645	49489849	1	1	1	12	4	17
chr19	49489923	49490231	1	1	1	26	0	19
chr19	49490298	49490474	1	1	1	22	9	18
chr19	49490577	49490778	1	1	1	47	0	19
chr19	49490865	49491039	1	1	1	41	6	19
chr19	49491100	49491424	1	1	1	27	3	19
chr19	49491548	49491728	1	1	1	28	8	19
chr19	49496472	49497193	1	1	1	18	0	19
chr19	49497326	49497519	1	1	1	25	0	19
chr19	49497596	49497916	1	1	1	40	0	18
chr19	49498047	49499511	1	1	1	35	2	19
chr19	52219865	52220188	1	1	1	1	0	6
chr19	54206463	54207397	1	1	1	25	0	17
chr19	58315037	58325274	2	2	1	0	1	5
chr19	58315037	58326822	2	2	1	45	1	19
chr20	2461940	2462635	2	2	1	54	0	19
chr20	2462762	2463088	2	2	1	50	0	18
chr20	2463228	2463746	2	2	1	59	0	19
chr20	2463900	2465707	2	2	1	89	0	19
chr20	2465820	2467606	2	2	1	57	0	17
chr20	2467759	2470687	2	2	1	21	0	19
chr20	3563364	3565347	1	1	1	15	0	14
chr20	3565433	3572730	1	1	1	9	1	19
chr20	3572952	3575826	1	1	1	9	0	19
chr20	3575949	3576858	1	1	1	22	0	17
chr20	5115363	5115448	2	2	1	66	0	18
chr20	5115573	5117469	2	2	1	56	0	19
chr20	5117665	5118609	2	2	1	75	0	18
chr20	5118678	5118768	2	2	1	46	0	18
chr20	5118867	5119577	2	2	1	55	0	19
chr20	17660529	17682027	2	2	1	8	0	19
chr20	25295031	25302218	2	2	1	72	0	19
chr20	25302347	25303549	2	2	1	59	0	19
chr20	25303629	25306832	2	2	1	37	0	18
chr20	25306916	25307965	2	4	1	74	0	19
chr20	25308046	25308456	2	2	1	89	1	18
chr20	25308495	25309445	2	2	1	56	0	19
chr20	25309576	25310199	2	2	1	0	3	3
chr20	25309576	25314924	2	2	1	83	3	19
chr20	25314971	25317047	2	2	1	62	1	19
chr20	25317079	25320198	2	2	1	109	1	18
chr20	25320319	25323324	2	2	1	68	0	18
chr20	25323431	25339226	2	2	1	73	0	19
chr20	25339352	25390512	2	2	1	40	0	17
chr20	31073693	31190214	2	2	0	2	1	13
chr20	31213242	31213366	1	1	0	0	1	15
chr20	31213242	31214915	1	1	0	0	1	15
chr20	31213242	31221642	1	1	0	0	1	15
chr20	31213242	31230136	1	1	0	0	1	15
chr20	31213242	31241050	1	1	0	0	1	15
chr20	34089906	34090516	2	2	1	48	1	19
chr20	34090603	34096656	2	2	0	23	0	19
chr20	34103566	34105367	2	2	1	4	7	18
chr20	34105546	34112095	2	2	1	4	4	18
chr20	35627414	35630438	2	2	1	1	0	11
chr20	35699457	35699632	1	1	1	8	9	18
chr20	35699764	35700797	1	1	1	9	0	17
chr20	41029101	41029430	1	1	1	29	0	19
chr20	41029456	41061393	1	1	1	51	0	19
chr20	41061491	41076170	1	1	1	30	0	15
chr20	44885887	44901530	1	1	1	40	0	19
chr20	44901834	44903992	1	1	1	68	0	19
chr20	44904117	44904967	1	1	1	46	0	19
chr20	44905132	44906000	1	1	1	36	0	19
chr20	44906097	44906381	1	1	1	34	0	19
chr20	59028842	59030302	2	2	1	20	0	18
chr20	59030430	59032219	2	2	1	19	5	17
chr20	62303050	62303567	1	1	1	56	0	19
chr20	62303782	62304460	1	1	1	72	0	19
chr20	62304578	62306196	1	1	1	132	2	19
chr20	62306321	62306647	1	1	1	85	0	19
chr20	62306735	62307370	1	1	1	80	0	19
chr20	62307453	62307595	1	1	1	53	0	18
chr20	62307829	62308020	1	1	1	74	0	17
chr20	62308179	62308367	1	1	1	41	0	18
chr20	62308179	62308654	1	1	0	10	0	16
chr20	62308471	62308654	1	1	1	47	0	16
chr20	62410997	62412623	2	2	1	24	0	18
chr20	62412754	62412829	2	2	1	36	0	19
chr20	62412901	62413400	2	2	1	25	0	19
chr20	62413546	62413820	2	2	1	12	0	14
chr20	62906101	62907146	2	2	1	1	0	3
chr20	64011504	64016722	1	1	1	13	0	18
chr20	64016846	64022756	1	1	1	32	0	18
chr20	64022879	64024554	1	1	1	41	0	19
chr20	64024694	64025938	1	1	1	70	0	19
chr20	64026059	64026981	1	1	1	57	0	19
chr20	64027159	64027602	1	1	1	53	0	18
chr20	64027737	64028477	1	1	1	55	0	19
chr20	64028570	64029376	1	1	1	45	1	19
chr20	64029492	64031917	1	1	1	29	0	18
chr20	64032045	64032840	1	1	1	39	0	18
chr21	6484917	6486137	2	2	1	0	18	16
chr21	6486231	6486321	2	2	1	0	13	12
chr21	6486456	6487106	2	2	1	0	14	19
chr21	6487206	6487362	2	2	1	0	31	19
chr21	6487413	6492130	2	2	1	3	20	18
chr21	6492198	6495992	2	2	1	2	12	18
chr21	6493111	6495992	2	2	1	0	3	3
chr21	6496081	6499128	2	2	1	0	16	17
chr21	10667692	10672841	2	2	0	1	0	18
chr21	10699291	10735662	2	2	0	0	1	17
chr21	25724678	25725225	2	2	1	25	0	18
chr21	25725351	25729630	2	2	1	34	0	18
chr21	25729802	25734852	2	2	1	20	0	19
chr21	33248855	33252661	1	1	1	1	0	16
chr21	33543170	33546212	1	1	1	13	0	19
chr21	33546380	33549475	1	1	1	17	0	19
chr21	43093250	43094470	2	2	1	0	18	16
chr21	43094564	43094654	2	2	1	0	13	12
chr21	43094789	43095437	2	2	1	0	14	19
chr21	43095537	43095693	2	2	1	0	31	19
chr21	43095744	43100452	2	2	1	0	20	18
chr21	43100520	43104314	2	2	1	0	11	18
chr21	43101433	43104314	2	2	1	0	2	3
chr21	43104403	43107450	2	2	1	0	16	17
chr21	43774331	43774657	2	2	1	63	0	19
chr21	43774331	43776203	2	2	1	0	2	3
chr21	43774760	43776203	2	2	1	48	2	19
chr22	23871972	23894398	1	1	0	0	1	14
chr22	23894583	23894771	1	1	1	259	8	19
chr22	23894945	23895039	1	1	1	390	7	19
chr22	24556072	24557656	1	1	1	20	0	19
chr22	24557801	24567983	1	1	1	64	0	19
chr22	24568177	24571915	1	1	1	40	0	18
chr22	29292170	29292487	1	1	1	1	0	7
chr22	29767549	29769677	1	1	1	39	0	17
chr22	37675712	37676985	1	1	1	123	0	19
chr22	37677066	37678482	1	1	1	79	0	18
chr22	37678655	37679602	1	1	1	119	0	19
chr22	40463287	40533589	2	2	1	0	1	3
chr22	40951477	40953554	1	1	1	102	0	19
chr22	40953634	40964046	1	1	1	172	1	18
chr22	40964118	40967798	1	1	1	164	0	19
chr22	40967885	40972475	1	1	1	150	2	19
chr22	41117822	41125863	1	1	1	29	0	16
chr22	41126041	41127486	1	1	1	22	0	18
chr22	41127749	41129889	1	1	1	35	0	19
chr22	41130004	41131387	1	1	1	30	0	19
chr22	41131634	41140139	1	1	0	15	0	18
chr22	41140258	41141047	1	1	1	35	0	16
chr22	41141223	41147836	1	1	1	20	0	15
chr22	41147947	41149037	1	1	1	18	0	18
chr22	41149176	41149760	1	1	1	8	0	17
chr22	41150199	41151832	1	1	1	23	0	19
chr22	41152013	41152205	1	1	1	38	0	19
chr22	41152351	41154994	1	1	1	32	0	16
chr22	41155114	41157168	1	1	1	50	0	19
chr22	41157409	41158411	1	1	1	28	0	19
chr22	41158501	41160641	1	1	1	27	1	19
chr22	41160723	41162722	1	1	1	26	0	19
chr22	41162780	41164052	1	1	1	25	0	19
chr22	41164131	41166598	1	1	1	27	0	18
chr22	41166667	41168448	1	1	1	48	0	19
chr22	41168600	41168720	1	1	1	36	0	19
chr22	41168868	41169502	1	1	1	31	0	19
chr22	41169617	41170405	1	1	1	30	0	19
chr22	41170572	41172498	1	1	1	19	0	15
chr22	41172664	41173622	1	1	1	14	0	18
chr22	49774417	49775590	2	2	1	31	0	14
chr22	49775746	49776049	2	2	1	37	0	19
chr22	49776160	49777033	2	2	1	34	0	19
chr22	49777162	49777677	2	2	1	30	0	18
chr22	49777814	49787389	2	2	1	19	0	19
chr22	50275809	50275888	2	2	1	26	0	19
chr22	50275964	50276133	2	2	0	18	0	18
chr22	50276189	50276628	2	2	0	3	0	18
chrX	1386760	1387278	2	2	1	0	7	16
chrX	1387420	1389240	2	2	1	0	6	16
chrX	1389728	1391898	2	2	1	0	2	17
chrX	11111519	11112018	1	1	1	18	0	19
chrX	11112161	11114834	1	1	1	29	0	19
chrX	11114987	11117266	1	1	1	42	0	19
chrX	11117416	11118500	1	1	1	35	0	17
chrX	11118621	11120906	1	1	1	34	0	19
chrX	11120994	11121611	1	1	1	28	0	19
chrX	12975169	12976245	1	1	1	158	0	18
chrX	12976362	12976776	1	1	1	143	29	19
chrX	20128312	20130515	2	2	1	13	41	19
chrX	20130608	20132181	2	2	1	24	36	18
chrX	20132264	20133956	2	2	1	19	30	17
chrX	20134008	20135737	2	2	1	19	28	19
chrX	20135842	20138538	2	2	1	13	28	19
chrX	20138623	20141624	2	2	1	35	3	19
chrX	23783710	23783799	1	1	1	1	0	7
chrX	48524073	48526988	1	1	1	57	0	19
chrX	48527026	48527154	1	1	1	68	0	17
chrX	48527286	48528233	1	1	1	76	0	17
chrX	48898015	48898491	1	1	1	22	0	18
chrX	48898577	48901189	1	1	1	24	0	18
chrX	48901302	48901929	1	1	1	58	0	19
chrX	48902043	48902232	1	1	1	39	0	18
chrX	48902518	48902731	1	1	1	37	0	18
chrX	48902796	48902927	1	1	1	36	0	18
chrX	51901939	51902145	1	1	1	53	0	19
chrX	55076126	55076568	1	1	1	0	7	11
chrX	55077525	55078781	1	1	1	0	5	18
chrX	55089104	55090012	1	1	1	14	2	16
chrX	55090105	55090501	1	1	1	8	8	16
chrX	55090611	55091331	1	1	1	14	0	16
chrX	55091458	55092714	1	1	1	5	5	18
chrX	71315303	71315630	0	0	1	1	3	15
chrX	72181829	72186460	1	1	1	15	0	16
chrX	72186535	72196784	1	1	1	17	1	17
chrX	72196905	72197367	1	1	1	48	0	19
chrX	72272773	72273231	2	2	1	19	2	18
chrX	72273390	72273800	2	2	1	63	0	18
chrX	72273973	72275052	2	2	1	64	1	18
chrX	72275151	72275543	2	2	1	50	5	18
chrX	72275725	72276156	2	2	1	31	0	18
chrX	72276235	72277192	2	2	1	30	0	17
chrX	103254018	103254604	2	2	1	33	0	17
chrX	103254018	103255077	2	2	1	0	1	3
chrX	103254678	103255077	2	2	1	23	1	19
chrX	119468627	119469660	1	1	1	26	2	19
chrX	119470148	119470372	1	1	1	71	0	19
chrX	119470514	119470900	1	1	1	53	0	19
chrX	119786733	119789907	2	2	1	8	10	16
chrX	119790012	119791573	2	2	1	8	13	18
chrX	120439294	120441729	2	2	1	38	1	19
chrX	120441895	120442598	2	2	1	31	0	18
chrX	120442663	120446304	2	2	1	31	0	18
chrX	136536235	136548588	1	1	1	19	0	18
chrX	136549009	136550767	1	1	1	40	0	19
chrX	136550822	136556450	1	1	1	25	0	19
chrX	152135835	152136870	2	2	1	1	0	13
chrX	152693400	152709460	2	2	0	0	1	15
chrX	152698830	152700621	1	1	1	24	49	19
chrX	152700688	152700767	1	1	1	14	46	19
chrX	152708641	152708849	2	4	1	0	55	19
chrX	152709001	152709460	2	2	0	1	18	19
chrX	152709001	152728675	2	2	0	0	1	18
chrX	152709576	152713255	2	2	1	0	16	17
chrX	152713316	152714488	2	2	1	0	4	18
chrX	152728225	152728675	2	2	0	0	2	18
chrX	152753982	152755154	1	1	1	0	4	18
chrX	152755215	152758906	1	1	1	1	16	17
chrX	152759022	152759482	1	1	0	0	18	19
chrX	152759022	152775071	1	1	0	0	1	15
chrX	152759634	152759842	1	3	1	2	55	19
chrX	152767716	152767795	2	2	1	0	46	19
chrX	152767862	152769653	2	2	1	0	45	19
chrX	154428854	154429047	1	1	1	63	0	18
chrX	154429175	154431829	1	1	1	116	0	19
chrX	154431905	154432265	1	1	1	143	0	19
chrX	154431905	154433659	1	1	1	5	4	3
chrX	154432377	154434207	1	1	1	2	0	3
chrX	154432460	154432930	1	1	1	167	0	19
chrX	154432966	154433634	1	3	1	1	0	5
chrX	154432972	154433634	1	1	1	128	0	19
chrX	154433721	154434207	1	1	1	113	1	19
chrX	154434447	154435138	1	3	1	150	0	19
chrX	154435187	154435273	1	1	1	129	0	19
chrX	154435506	154435681	1	1	1	97	0	18
chrY	1386760	1387278	2	2	1	0	7	16
chrY	1387420	1389240	2	2	1	0	6	16
chrY	1389728	1391898	2	2	1	0	2	17
chrY	10847747	10861402	2	2	0	0	1	18
GL000216.2	5056	14142	1	1	0	1	0	13
GL000216.2	19382	85322	1	3	0	0	4	18
GL000224.1	102592	106077	1	1	0	0	3	19
KQ031384.1	458914	462357	2	2	0	0	1	14
KQ031384.1	461283	462357	2	2	0	0	1	19
KQ031384.1	464880	472180	2	2	0	0	1	15
KQ031384.1	470712	472180	2	2	0	1	1	17
ML143345.1	30297	34104	2	2	0	0	2	19
KI270855.1	172022	176876	2	2	0	0	7	18
KQ090027.1	156932	157003	1	1	0	12	1	18
KQ090027.1	157465	193930	2	2	0	0	1	12
GL000251.2	2835026	2835466	2	2	0	0	1	13
GL000251.2	2835953	2836524	2	2	0	11	1	18
GL000253.2	2663278	2663718	2	2	0	0	1	13
GL000254.2	2696499	2696604	2	2	0	1	20	19
GL000254.2	2696638	2697078	2	2	0	0	1	13
GL000254.2	2697196	2697299	2	2	0	0	3	19
GL000255.2	2610214	2610319	2	2	0	0	18	19
GL000255.2	2610353	2610793	2	2	0	0	1	13
GL000255.2	2610911	2611014	2	2	0	0	3	19
GL000256.2	2656904	2657344	2	2	0	0	1	13
KI270729.1	23273	34743	1	1	0	0	4	18
KI270729.1	23358	34743	1	1	0	0	4	18
KI270729.1	23695	43807	1	1	0	1	0	15
KI270729.1	23943	29526	2	2	0	1	1	17
KI270729.1	25325	57696	1	1	0	0	1	15
KI270729.1	27359	54630	2	2	0	0	1	12
KI270729.1	27359	56198	2	2	0	0	1	12
KI270729.1	34067	35844	2	2	0	0	2	16
KI270729.1	34067	39082	2	2	0	0	2	16
KI270729.1	37405	40356	2	2	0	0	1	17
KI270741.1	44470	47948	1	1	0	0	3	19
